2.896295863254508972e+08 2.896295863254508972e+08 2.895987233740196228e+08 2.894301525294151306e+08 2.892141868752098083e+08 2.890627599795341492e+08 2.887043258695487976e+08 2.882288020154991150e+08 2.880185863088645935e+08 2.876322692924461365e+08 2.873842374757957458e+08 2.867220089999732971e+08 2.860993319620475769e+08 2.852264508876152039e+08 2.849323480548210144e+08 2.842504185504798889e+08 2.830236540984916687e+08 2.814525478095130920e+08 2.800130554582405090e+08 2.784771833802375793e+08
5.262762623448181152e+08 5.262762623448181152e+08 5.262218912033691406e+08 5.259237040415649414e+08 5.255411123170166016e+08 5.252653071809387207e+08 5.245990264111022949e+08 5.237302219061279297e+08 5.233575528302612305e+08 5.226739205899047852e+08 5.222383887880554199e+08 5.210399599264831543e+08 5.198965728643798828e+08 5.183329851867218018e+08 5.177969281449432373e+08 5.165511316328430176e+08 5.143398644292755127e+08 5.114331861946716309e+08 5.087456058983001709e+08 5.059373837292633057e+08
1.340598061297801905e+03 1.340598061297801905e+03 1.340455204649377265e+03 1.339674937841729843e+03 1.338675296808025450e+03 1.337974411670016707e+03 1.336315444406252936e+03 1.334114492493230500e+03 1.333141467949215439e+03 1.331353321993505233e+03 1.330205244598808349e+03 1.327140091202993062e+03 1.324258070630734437e+03 1.320217837026299094e+03 1.318856585012472351e+03 1.315700288850945071e+03 1.310022114987965324e+03 1.302750427757055149e+03 1.296087983819437795e+03 1.288979235527818673e+03
2.387909909270732896e+03 2.387909909270732896e+03 2.387663262499176199e+03 2.386310537349694641e+03 2.384574890853051329e+03 2.383323425874259556e+03 2.380299717623885954e+03 2.376357416552287759e+03 2.374666774966433877e+03 2.371565466525411466e+03 2.369589787694654660e+03 2.364152166744257556e+03 2.358963718735409202e+03 2.351869817293627420e+03 2.349437438882800052e+03 2.343784496926964493e+03 2.333751638867805013e+03 2.320561020409601042e+03 2.308363867269625189e+03 2.295621166258730227e+03
2.059540141440641880e+07 2.059540141440641880e+07 2.059338604276621342e+07 2.058241124240648746e+07 2.056829325699579716e+07 2.055857910562670231e+07 2.053530797286570072e+07 2.050389106532871723e+07 2.049014562930214405e+07 2.046477221865952015e+07 2.044844831404316425e+07 2.040478683580648899e+07 2.036345216615641117e+07 2.030605470233690739e+07 2.028649938954222202e+07 2.024141125479328632e+07 2.016093579580461979e+07 2.005753979417526722e+07 1.996305758863890171e+07 1.986203093406736851e+07
1.897273425886936188e+08 1.897273425886936188e+08 1.897087767398777008e+08 1.896076755434360504e+08 1.894776189436779022e+08 1.893881309993877411e+08 1.891737544931774139e+08 1.888843381178760529e+08 1.887577134882984161e+08 1.885239705410480499e+08 1.883735927448253632e+08 1.879713778936176300e+08 1.875905978867015839e+08 1.870618454639377594e+08 1.868816995421085358e+08 1.864663421576976776e+08 1.857249924351825714e+08 1.847724958842067719e+08 1.839021143085193634e+08 1.829714444714412689e+08
7.459537948292429447e+08 7.459537948292429447e+08 7.458860258274366856e+08 7.455167660022909641e+08 7.450380611079828739e+08 7.447116250628950596e+08 7.438901213963329792e+08 7.427663373972275257e+08 7.422983288593304157e+08 7.414281318125374317e+08 7.408706437586920261e+08 7.393280541954462528e+08 7.378313723033611774e+08 7.358351126716063023e+08 7.351298446618750095e+08 7.335148652525312901e+08 7.307132876799814701e+08 7.269654515226204395e+08 7.235256816235277653e+08 7.199335163119356632e+08
2.716478345663780212e+09 2.716478345663780212e+09 2.716232001251182556e+09 2.714889735162061691e+09 2.713149245242662430e+09 2.711962886675771713e+09 2.708973324727003098e+09 2.704881881869018555e+09 2.703180103694719315e+09 2.700015196138648987e+09 2.697987764563995361e+09 2.692373220230110168e+09 2.686922347460229874e+09 2.679659539045959473e+09 2.677091272684465408e+09 2.671211374360231400e+09 2.661018576804786682e+09 2.647370023510477066e+09 2.634842727473981857e+09 2.621767085998050690e+09
4.990834406813235546e+03 4.990834406813235546e+03 4.990386095690169896e+03 4.987962394042733649e+03 4.984815443066625448e+03 4.982659108623607608e+03 4.977299595888915064e+03 4.969954933731096389e+03 4.966868560781913402e+03 4.961159626869346539e+03 4.957489041497094149e+03 4.947406959947176802e+03 4.937657219349268416e+03 4.924529198776908743e+03 4.919913754987974244e+03 4.909353361073859560e+03 4.890940407357156801e+03 4.866504732045090350e+03 4.843993321727008151e+03 4.820454432837876084e+03
1.410497238058267976e+04 1.410497238058267976e+04 1.410369593609726871e+04 1.409683234743282082e+04 1.408790777327350224e+04 1.408177681477295118e+04 1.406663943531594123e+04 1.404583804594326648e+04 1.403706228593594278e+04 1.402088021446319181e+04 1.401045158357123728e+04 1.398191372219190816e+04 1.395434495662010158e+04 1.391704406082324567e+04 1.390394513700201060e+04 1.387401711397405597e+04 1.382172660054147127e+04 1.375259289560068282e+04 1.368872620981579530e+04 1.362194449357895064e+04
1.546598991361283464e+06 1.546598991361283464e+06 1.546458688609677134e+06 1.545694287349954946e+06 1.544702868278878508e+06 1.544027979711712105e+06 1.542325311295109568e+06 1.539992867099280236e+06 1.539023433302166639e+06 1.537219997343625640e+06 1.536064579089868581e+06 1.532864494785543298e+06 1.529756663397044642e+06 1.525618192401527194e+06 1.524154202733451268e+06 1.520802768403125694e+06 1.514995482766718371e+06 1.507216514238583623e+06 1.500077321067794925e+06 1.492626712580878986e+06
1.730336729689675849e+03 1.730336729689675849e+03 1.730168966790020932e+03 1.729254068394249771e+03 1.728081910538079683e+03 1.727263239741732832e+03 1.725346777138474863e+03 1.722800654031627346e+03 1.721663560709625017e+03 1.719577396154578310e+03 1.718235047741618473e+03 1.714684992189460900e+03 1.711364463327976409e+03 1.706669564299227204e+03 1.705101250810723286e+03 1.701456730808771681e+03 1.694867209216521587e+03 1.686541307413193863e+03 1.678922327665437479e+03 1.670720687776745763e+03
2.725153296850585938e+07 2.725153296850585938e+07 2.724992879898071289e+07 2.724114040319061279e+07 2.722999889263153076e+07 2.722176960501861572e+07 2.720245237173461914e+07 2.717876819988250732e+07 2.716802254227447510e+07 2.714857332575988770e+07 2.713613358250427246e+07 2.710276957447814941e+07 2.707224427012634277e+07 2.702829987955474854e+07 2.701398012441253662e+07 2.698029122416687012e+07 2.691841870169830322e+07 2.684011628990173340e+07 2.676793581303405762e+07 2.669102471430206299e+07
2.467021324018135071e+08 2.467021324018135071e+08 2.466763584979476929e+08 2.465354058009757996e+08 2.463567942038269043e+08 2.462280588331527710e+08 2.459451220266952515e+08 2.455798447382392883e+08 2.454070741815490723e+08 2.450937112747840881e+08 2.448920506951904297e+08 2.443750134293212891e+08 2.439058750154762268e+08 2.432077329466285706e+08 2.429829686181449890e+08 2.424564591763954163e+08 2.414754680437965393e+08 2.402765615434379578e+08 2.391787789245643616e+08 2.379767142644920349e+08
1.064399530438099056e+06 1.064399530438099056e+06 1.064398626798305660e+06 1.064400262414131314e+06 1.064381699986014515e+06 1.064384605487857014e+06 1.064145033052895218e+06 1.063815581751737744e+06 1.063785078478250653e+06 1.063703683823797852e+06 1.063658996714804322e+06 1.063249483529303223e+06 1.062708961389634758e+06 1.062390935413692147e+06 1.062171743030641228e+06 1.061688924788746983e+06 1.061210571205053478e+06 1.059805621407065541e+06 1.058592061040107161e+06 1.057668525671754032e+06
4.587316411695718765e+06 4.587316411695718765e+06 4.586916737371921539e+06 4.584732874162316322e+06 4.581934838362216949e+06 4.579952366886734962e+06 4.575281723646879196e+06 4.569164476645827293e+06 4.566454202000498772e+06 4.561495070846915245e+06 4.558313161548614502e+06 4.549812641955018044e+06 4.541850261896610260e+06 4.530650553300261497e+06 4.526909186993718147e+06 4.518174913728833199e+06 4.502426855856060982e+06 4.482427215503454208e+06 4.464005333422660828e+06 4.444334075505018234e+06
2.119065919667649269e+07 2.119065919667649269e+07 2.118845067336106300e+07 2.117640912094426155e+07 2.116100089967370033e+07 2.115021846834731102e+07 2.112526534850192070e+07 2.109201102780985832e+07 2.107704624058032036e+07 2.104958718247342110e+07 2.103191695940184593e+07 2.098544658496975899e+07 2.094208450789141655e+07 2.088034000727868080e+07 2.085972478027510643e+07 2.081199532492375374e+07 2.072535101985144615e+07 2.061657859723067284e+07 2.051708975450158119e+07 2.040945927724003792e+07
3.902331046780029297e+09 3.902331046780029297e+09 3.901940457636962891e+09 3.899809795983398438e+09 3.897092066307739258e+09 3.895174934320312500e+09 3.890853080837036133e+09 3.885095389383422852e+09 3.882456528828369141e+09 3.877627379544555664e+09 3.874519486348632812e+09 3.866457284407592773e+09 3.859005408810058594e+09 3.848182857348510742e+09 3.844609316870605469e+09 3.836338809918457031e+09 3.821161325956298828e+09 3.802462655337036133e+09 3.785300232004150391e+09 3.766569110291381836e+09
8.521760738156590378e+02 8.521760738156590378e+02 8.520959523925412213e+02 8.516583397626382066e+02 8.511018962420785101e+02 8.507051927578140749e+02 8.498246360179764451e+02 8.486653963794960873e+02 8.481259726270072861e+02 8.471429011578147765e+02 8.465103349355631508e+02 8.448819625681935577e+02 8.433912451840296853e+02 8.411943187805300113e+02 8.404781874281761702e+02 8.388131763077835785e+02 8.357319567455124343e+02 8.319753721077286173e+02 8.285188712511735503e+02 8.247336035717598861e+02
1.944128347415059466e-01 1.944128347415059466e-01 1.943913379410417974e-01 1.942744179384732206e-01 1.941266598351489847e-01 1.940239155326537457e-01 1.938102527273528608e-01 1.935197085207178702e-01 1.933760781174314047e-01 1.931138652114015031e-01 1.929436456075706019e-01 1.925288628976602467e-01 1.921599373886024864e-01 1.915842056743457533e-01 1.914019137694253914e-01 1.909832034592042760e-01 1.901823801400510661e-01 1.892674623161703096e-01 1.884341563937503850e-01 1.874772397697341830e-01
7.993615112359402701e+02 7.993615112359402701e+02 7.992788121153425891e+02 7.988276097427005880e+02 7.982518641978094820e+02 7.978450509120302740e+02 7.969193308684916701e+02 7.956952048825623933e+02 7.951365648730716202e+02 7.941146815744577907e+02 7.934572368254885077e+02 7.917415703786246013e+02 7.901529361216817051e+02 7.878606299049570225e+02 7.871028773231955711e+02 7.853448980967514217e+02 7.821268599842151161e+02 7.781311344002606347e+02 7.744713642850838369e+02 7.704921517134207534e+02
6.994548245164878608e+00 6.994548245164878608e+00 6.993831820951072586e+00 6.989926516972673198e+00 6.984974813273538530e+00 6.981493247700655047e+00 6.974012376765813315e+00 6.963955088695229279e+00 6.959145766202709638e+00 6.950368865941072727e+00 6.944697141437927712e+00 6.930487579904593076e+00 6.917639543200948538e+00 6.898183094155911022e+00 6.891912457867647390e+00 6.877448063829433522e+00 6.850286989636515500e+00 6.818205334840058640e+00 6.788797099074372454e+00 6.755854893335708766e+00
4.448394026696478250e+02 4.448394026696478250e+02 4.447948975983454147e+02 4.445521993374568410e+02 4.442430409824446542e+02 4.440258276084350655e+02 4.435397675021522446e+02 4.428907367555366363e+02 4.425904944538051495e+02 4.420412042231182568e+02 4.416871527425973909e+02 4.407758336599363247e+02 4.399377145250618923e+02 4.387102745047159260e+02 4.383071407030802220e+02 4.373748045410611667e+02 4.356564627920015482e+02 4.335564108385297004e+02 4.316320216538006207e+02 4.295195786276744911e+02
2.090546196515206248e+02 2.090546196515206248e+02 2.090331889935769141e+02 2.089163934603056987e+02 2.087688862612340017e+02 2.086648234641979798e+02 2.084489306348768878e+02 2.081575579027048661e+02 2.080142693195084576e+02 2.077533624040734139e+02 2.075844926795325591e+02 2.071705454810653464e+02 2.068017615345888771e+02 2.062268897396133980e+02 2.060445006710433518e+02 2.056247408946001087e+02 2.048237208507780451e+02 2.039045977775458596e+02 2.030611676289699972e+02 2.021001546607803903e+02
1.657627004697694417e+00 1.657627004697694417e+00 1.657481542196016733e+00 1.656689580284698593e+00 1.655670087573746230e+00 1.654964461660249242e+00 1.653263461050123340e+00 1.650993524542506918e+00 1.650003712532218003e+00 1.648180365114221502e+00 1.647008187901171539e+00 1.643854909688108989e+00 1.640868361088330118e+00 1.636740284763043007e+00 1.635339699462114993e+00 1.632088844256195159e+00 1.626287012522077191e+00 1.618800863222865871e+00 1.611960587620323793e+00 1.604675344298861717e+00
8.874509373720371741e-01 8.874509373720371741e-01 8.873638405704156185e-01 8.868895222618817797e-01 8.862820441509455804e-01 8.858598596446398687e-01 8.848739656333890480e-01 8.835615102171203716e-01 8.829719236062345544e-01 8.818893580870650339e-01 8.811918296736820366e-01 8.793547551463092304e-01 8.776396807260340438e-01 8.752069720848822953e-01 8.743955021745790646e-01 8.725133112512963862e-01 8.691006742976838950e-01 8.648032747569942558e-01 8.608863208239796450e-01 8.566491150712209901e-01
3.024165596135048872e-01 3.024165596135048872e-01 3.023835339141385248e-01 3.022035120175843304e-01 3.019747282219356066e-01 3.018140104252609035e-01 3.014572934321790854e-01 3.009850294408096261e-01 3.007631606449621131e-01 3.003581194521842690e-01 3.000965135568520736e-01 2.994287637688444192e-01 2.988196021797193680e-01 2.979186510962819057e-01 2.976260591014039392e-01 2.969475527134335380e-01 2.956868462367481243e-01 2.941598770629099135e-01 2.927690134871312466e-01 2.912293905150136197e-01
