2.896295863254508972e+08 2.896295863254508972e+08 2.896078631514091492e+08 2.894065158779106140e+08 2.892133102921257019e+08 2.890628902770957947e+08 2.886544581916847229e+08 2.882841595133247375e+08 2.880223928722419739e+08 2.875288034327278137e+08 2.871879603088722229e+08 2.863964612696876526e+08 2.858071076724815369e+08 2.846446984272804260e+08 2.843726348067054749e+08 2.837475316872825623e+08 2.824203288843040466e+08 2.807969112575416565e+08 2.792092113630027771e+08 2.778248005252952576e+08
5.262762623448181152e+08 5.262762623448181152e+08 5.262413096414794922e+08 5.258809548020019531e+08 5.255339767882995605e+08 5.252718794766235352e+08 5.245232497760314941e+08 5.238463695131225586e+08 5.233807951047058105e+08 5.225146663392639160e+08 5.219156454620666504e+08 5.204806594551391602e+08 5.194393451814575195e+08 5.173847657519073486e+08 5.168867014932403564e+08 5.157512942591705322e+08 5.133849786482086182e+08 5.104348118963165283e+08 5.074693640514526367e+08 5.049347435699768066e+08
1.340598061297801905e+03 1.340598061297801905e+03 1.340497499145989423e+03 1.339565533680448425e+03 1.338671259091250249e+03 1.337974996053686482e+03 1.336084585877848440e+03 1.334370661530076177e+03 1.333159031637551379e+03 1.330874323892770917e+03 1.329296645417416585e+03 1.325633160432582372e+03 1.322905221125009120e+03 1.317524773297904176e+03 1.316265533522484475e+03 1.313372231332192314e+03 1.307229072725996957e+03 1.299715065554730245e+03 1.292366672210700926e+03 1.285958960975476657e+03
2.387909909270732896e+03 2.387909909270732896e+03 2.387751466953690397e+03 2.386116573016770417e+03 2.384542326213122578e+03 2.383353459305275464e+03 2.379956383940327214e+03 2.376884954295033822e+03 2.374772786136163631e+03 2.370843837041204097e+03 2.368126515315059805e+03 2.361615480823471444e+03 2.356891593343374552e+03 2.347571042825613404e+03 2.345310986875119852e+03 2.340159171787468949e+03 2.329423727035318734e+03 2.316037538365955697e+03 2.302579290069435956e+03 2.291077989113779040e+03
2.059540141440641880e+07 2.059540141440641880e+07 2.059392288484156132e+07 2.058088085358393192e+07 2.056832473825800419e+07 2.055835201782286167e+07 2.053155260180389881e+07 2.050742026153814793e+07 2.049015643516075611e+07 2.045787551683151722e+07 2.043560833101570606e+07 2.038400624301970005e+07 2.034506448495113850e+07 2.026841085215389729e+07 2.025058489826834202e+07 2.020940513469421864e+07 2.012228917004024982e+07 2.001511342300903797e+07 1.991059493611443043e+07 1.982005576144564152e+07
1.897273425886936188e+08 1.897273425886936188e+08 1.897137221942462921e+08 1.895935774153232574e+08 1.894779089529781342e+08 1.893860390382747650e+08 1.891391595563488007e+08 1.889168495017337799e+08 1.887578130318927765e+08 1.884604372833194733e+08 1.882553092575397491e+08 1.877799445440273285e+08 1.874212083285388947e+08 1.867150657330684662e+08 1.865508508763599396e+08 1.861714978822345734e+08 1.853689750134906769e+08 1.843816589895687103e+08 1.834188219686222076e+08 1.825847640743160248e+08
7.459537948292429447e+08 7.459537948292429447e+08 7.459040164276354313e+08 7.454655705486881733e+08 7.450376570437443256e+08 7.446932105219528675e+08 7.437335582292149067e+08 7.428939617731325626e+08 7.422950188300526142e+08 7.412106165252897739e+08 7.404623464707481861e+08 7.386721563330872059e+08 7.373189147339870930e+08 7.346784374179823399e+08 7.340476214975016117e+08 7.325901531630394459e+08 7.295976632861530781e+08 7.258033782674829960e+08 7.219899660076010227e+08 7.188127997532598972e+08
2.716478345663780212e+09 2.716478345663780212e+09 2.716297300529205322e+09 2.714703686366281509e+09 2.713147777911052704e+09 2.711894693315896988e+09 2.708400987200679779e+09 2.705346565997922897e+09 2.703167520733646393e+09 2.699225585098501205e+09 2.696505535790407181e+09 2.689993098902244568e+09 2.685069373560983658e+09 2.675464487156064987e+09 2.673168679373188019e+09 2.667863910032039642e+09 2.656979752287214279e+09 2.643168522466348648e+09 2.629279567491798401e+09 2.617718528221536636e+09
4.990834406813235546e+03 4.990834406813235546e+03 4.990505492240401509e+03 4.987613330336498620e+03 4.984792853636412474e+03 4.982542748999410833e+03 4.976305067895773391e+03 4.970815690111812728e+03 4.966886919579679670e+03 4.959752763731732557e+03 4.954826677394776198e+03 4.943107126480761508e+03 4.934243291593949834e+03 4.916846812669631618e+03 4.912703874055623601e+03 4.903134146443662758e+03 4.883412780237478728e+03 4.858565770148161391e+03 4.833620839927789348e+03 4.812738331240521802e+03
1.410497238058267976e+04 1.410497238058267976e+04 1.410403559063744615e+04 1.409581883249638486e+04 1.408780297601941857e+04 1.408144004877514089e+04 1.406384515346304397e+04 1.404832266980802524e+04 1.403717894902892294e+04 1.401694350742103416e+04 1.400296449344765279e+04 1.396979822350430186e+04 1.394469065452014911e+04 1.389522309340161155e+04 1.388345373401159304e+04 1.385627126837844844e+04 1.380019762064723182e+04 1.372977424487049575e+04 1.365901819063347648e+04 1.359970038598959218e+04
1.546598991361283464e+06 1.546598991361283464e+06 1.546495571139135165e+06 1.545588452473101905e+06 1.544702484006574145e+06 1.543987942729607923e+06 1.541996553383130347e+06 1.540256803199243499e+06 1.539015013054881012e+06 1.536769518436044222e+06 1.535220118342198199e+06 1.531510171419690130e+06 1.528702849636420375e+06 1.523228777212328976e+06 1.521920857006098842e+06 1.518897836309985025e+06 1.512696876178947976e+06 1.504825091864734655e+06 1.496909768342990195e+06 1.490324367309076479e+06
1.730336729689675849e+03 1.730336729689675849e+03 1.730217678970482666e+03 1.729125510486948770e+03 1.728082347216259222e+03 1.727269281084707472e+03 1.725093488492129836e+03 1.723100737031374592e+03 1.721690063596761320e+03 1.719011293384071905e+03 1.717162100047746208e+03 1.712911524575727526e+03 1.709738209013070446e+03 1.703463409641117323e+03 1.702009077326336410e+03 1.698666021254321095e+03 1.691505048230115790e+03 1.682807488948630635e+03 1.674392040675447788e+03 1.666973599316726904e+03
2.725153296850585938e+07 2.725153296850585938e+07 2.725056069645690918e+07 2.723985409262084961e+07 2.722977190638732910e+07 2.722243054496765137e+07 2.720182125892639160e+07 2.718242068132019043e+07 2.716939406901550293e+07 2.714410716263580322e+07 2.712664085685729980e+07 2.708606335861206055e+07 2.705707984082794189e+07 2.699900104603576660e+07 2.698503702919769287e+07 2.695362548862457275e+07 2.688649952180480957e+07 2.680485807033538818e+07 2.672402933177947998e+07 2.665336324648284912e+07
2.467021324018135071e+08 2.467021324018135071e+08 2.466850160351753235e+08 2.465153033483123779e+08 2.463555118145675659e+08 2.462354132452201843e+08 2.459192353972663879e+08 2.456221066148948669e+08 2.454126435757751465e+08 2.450033599277114868e+08 2.447204518313751221e+08 2.440835478412284851e+08 2.436165227709350586e+08 2.426823506959304810e+08 2.424667024801445007e+08 2.419767121491851807e+08 2.409029970662574768e+08 2.396458015375747681e+08 2.384425368939437866e+08 2.373415975820693970e+08
1.064399530438099056e+06 1.064399530438099056e+06 1.064397475143585354e+06 1.064398401146087795e+06 1.064373703310165554e+06 1.064328984551105648e+06 1.064020833601567894e+06 1.063853521060202271e+06 1.063762555538151413e+06 1.063750696647617966e+06 1.063742257158730179e+06 1.063422466147933155e+06 1.063162039062742144e+06 1.062812724024061114e+06 1.062665907061342150e+06 1.062317455358866602e+06 1.061969054141048342e+06 1.060907480940643698e+06 1.059414511570874602e+06 1.058750053348425776e+06
4.587316411695718765e+06 4.587316411695718765e+06 4.587045446543216705e+06 4.584422706990838051e+06 4.581920777244091034e+06 4.580002928706765175e+06 4.574764831861495972e+06 4.569946789467692375e+06 4.566597084984183311e+06 4.560238597302436829e+06 4.555845429138541222e+06 4.545654551243543625e+06 4.538145066303253174e+06 4.523269097904324532e+06 4.519773096255540848e+06 4.511783823577642441e+06 4.494728945541143417e+06 4.473912328869819641e+06 4.453537977401375771e+06 4.435679458710551262e+06
2.119065919667649269e+07 2.119065919667649269e+07 2.118909192316365242e+07 2.117471171962523460e+07 2.116098480977559090e+07 2.115029952021622658e+07 2.112193512373328209e+07 2.109585836701321602e+07 2.107729663501286507e+07 2.104199128425335884e+07 2.101762806497645378e+07 2.096197174254965782e+07 2.092037563294005394e+07 2.083780369826960564e+07 2.081870933761811256e+07 2.077480873607993126e+07 2.068052142919707298e+07 2.056671541150832176e+07 2.045685028605914116e+07 2.035945724392628670e+07
3.902331046780029297e+09 3.902331046780029297e+09 3.902057908109985352e+09 3.899508108957397461e+09 3.897083062332519531e+09 3.895211817932128906e+09 3.890315570702270508e+09 3.885755324283447266e+09 3.882505286036865234e+09 3.876268031729125977e+09 3.871962862359863281e+09 3.862251131071411133e+09 3.855012006690307617e+09 3.840530089274291992e+09 3.837190343827392578e+09 3.829541991624145508e+09 3.812976311256591797e+09 3.793301542901611328e+09 3.774369481548339844e+09 3.757337740992431641e+09
8.521760738156590378e+02 8.521760738156590378e+02 8.521214449850376695e+02 8.515961533016816247e+02 8.510988643736491213e+02 8.507199149468942778e+02 8.497304293195193168e+02 8.488004781137278769e+02 8.481417393801093567e+02 8.468658196323376615e+02 8.459845116659271298e+02 8.440068466167722363e+02 8.425432799995614914e+02 8.396053672151901992e+02 8.389275691202637972e+02 8.373830437486758456e+02 8.340140089568303665e+02 8.300522319270239677e+02 8.262457365569280228e+02 8.227867940949363401e+02
1.944128347415059466e-01 1.944128347415059466e-01 1.943966975412365628e-01 1.942581599380659441e-01 1.941276894349499571e-01 1.940253051327260891e-01 1.937815783266287895e-01 1.935465776212623723e-01 1.933722546171665613e-01 1.930268296096784297e-01 1.927887565045196538e-01 1.922843972930365908e-01 1.918989410845881594e-01 1.911147871665335174e-01 1.909430121618527210e-01 1.905478038521515316e-01 1.896557046317361994e-01 1.886525275089816489e-01 1.877358340832095962e-01 1.868573441619716391e-01
7.993615112359402701e+02 7.993615112359402701e+02 7.993040298111445736e+02 7.987635852064413484e+02 7.982497771369817201e+02 7.978543440146604553e+02 7.968092777646088507e+02 7.958389273893844802e+02 7.951504822171118576e+02 7.938303058861347381e+02 7.929190174198010936e+02 7.908504661454935558e+02 7.893134794376383070e+02 7.862479592012969078e+02 7.855396842151676537e+02 7.839163209718099097e+02 7.804069396884588059e+02 7.762117896645795554e+02 7.721736384135292610e+02 7.685563958289276343e+02
6.994548245164878608e+00 6.994548245164878608e+00 6.994033735056746082e+00 6.989379186360565654e+00 6.984979003275157083e+00 6.981568078914733633e+00 6.973075086972357894e+00 6.965001528624270577e+00 6.959137710024151602e+00 6.947682060998658926e+00 6.939776829643733436e+00 6.922548213410436801e+00 6.909574869387370200e+00 6.883334712806572497e+00 6.877425121403575758e+00 6.863902513384800841e+00 6.833955229320736180e+00 6.799520188236783724e+00 6.767137519662355771e+00 6.736995351721816405e+00
4.448394026696478250e+02 4.448394026696478250e+02 4.448078093421936501e+02 4.445180609123635804e+02 4.442427704288566019e+02 4.440292934182652971e+02 4.434776791182230227e+02 4.429628659276495455e+02 4.425936323539353907e+02 4.418825803719955729e+02 4.413918147530930582e+02 4.402938000776630361e+02 4.394716252359212376e+02 4.378249540090037044e+02 4.374480367043433944e+02 4.365841883659595624e+02 4.347038014198042220e+02 4.324835752856743056e+02 4.303610736971022561e+02 4.284396260809153318e+02
2.090546196515206248e+02 2.090546196515206248e+02 2.090391915857835556e+02 2.089000147165279486e+02 2.087690132756324601e+02 2.086678131573862629e+02 2.084230258268216858e+02 2.081863826589542441e+02 2.080129763029908645e+02 2.076701112780647236e+02 2.074335465732438024e+02 2.069285713408316951e+02 2.065473087774880696e+02 2.057691500705041108e+02 2.055959115757505060e+02 2.052002707426363486e+02 2.043118022936832858e+02 2.033129119327422814e+02 2.023855141520252801e+02 2.015014250387030188e+02
1.657627004697694417e+00 1.657627004697694417e+00 1.657522263397474660e+00 1.656578037584374385e+00 1.655671262872594696e+00 1.654957864967506964e+00 1.653016063059730811e+00 1.651262794242363441e+00 1.650023609531892532e+00 1.647697634804664801e+00 1.646092652284316671e+00 1.642344483156527701e+00 1.639536808447864757e+00 1.634026799018947429e+00 1.632742136212350204e+00 1.629775455006033269e+00 1.623496932263883252e+00 1.615733985952367391e+00 1.608169115757270617e+00 1.601619108820209192e+00
8.874509373720371741e-01 8.874509373720371741e-01 8.873880239701890105e-01 8.868228716609252160e-01 8.862833568526440331e-01 8.858606856445732092e-01 8.847396709317223440e-01 8.837125557176506163e-01 8.829803607055595194e-01 8.815867958770553514e-01 8.806253338573100109e-01 8.784266033240299976e-01 8.767771816930434170e-01 8.735157060295790643e-01 8.727659157198530693e-01 8.710360705949398152e-01 8.673178068272164865e-01 8.628096955601307627e-01 8.584823557209659839e-01 8.546519508691545752e-01
3.024165596135048872e-01 3.024165596135048872e-01 3.023929300138661347e-01 3.021782216181208014e-01 3.019750968220336063e-01 3.018177832247630477e-01 3.014154762316110236e-01 3.010375881390530139e-01 3.007657923439381875e-01 3.002377485538829660e-01 2.998733626607048564e-01 2.990645850757971402e-01 2.984587581865696393e-01 2.972451189086200429e-01 2.969706380135335166e-01 2.963400832249760697e-01 2.949538971507337237e-01 2.933253089803002922e-01 2.917916065073598020e-01 2.903865470342736899e-01
