2.896295863254508972e+08 2.896295863254508972e+08 2.896009057640037537e+08 2.893993051684684753e+08 2.892787994848136902e+08 2.891483203888511658e+08 2.887287496907234192e+08 2.883352814890556335e+08 2.881739872871971130e+08 2.877932682328453064e+08 2.874522812912559509e+08 2.867751961394538879e+08 2.861988526544456482e+08 2.851830408597831726e+08 2.848914672531852722e+08 2.842765860992851257e+08 2.828699890493812561e+08 2.813224018503837585e+08 2.796758315164909363e+08 2.780132947794609070e+08
5.262762623448181152e+08 5.262762623448181152e+08 5.262268598167114258e+08 5.258713105704650879e+08 5.256598083695373535e+08 5.254354543402709961e+08 5.246662547695007324e+08 5.239439021222686768e+08 5.236592911181488037e+08 5.230006731159515381e+08 5.224108962645416260e+08 5.212078210229187012e+08 5.201337381924133301e+08 5.183088523106384277e+08 5.177676881011047363e+08 5.166667183995666504e+08 5.141333375940399170e+08 5.112764752630767822e+08 5.081548097707214355e+08 5.051061587309417725e+08
1.340598061297801905e+03 1.340598061297801905e+03 1.340465302661599708e+03 1.339532146594268852e+03 1.338974354865742498e+03 1.338370382863926352e+03 1.336428415318383486e+03 1.334607268276697141e+03 1.333860682859565713e+03 1.332098394125307095e+03 1.330520018477473059e+03 1.327386020395162632e+03 1.324718506569697638e+03 1.320016711596937967e+03 1.318667196835755021e+03 1.315821148857605294e+03 1.309310591341185500e+03 1.302147728355615982e+03 1.294527039080989198e+03 1.286832058121697628e+03
2.387909909270732896e+03 2.387909909270732896e+03 2.387685840985999675e+03 2.386072930086549604e+03 2.385113508254435146e+03 2.384095950346702011e+03 2.380605531703127781e+03 2.377327656359324465e+03 2.376036542416230077e+03 2.373049237343744608e+03 2.370374180306360358e+03 2.364916234394098865e+03 2.360041746124072233e+03 2.351762175220443169e+03 2.349306297064089449e+03 2.344311278384906473e+03 2.332817015990294749e+03 2.319852679075003834e+03 2.305683928534068400e+03 2.291849950271338457e+03
2.059540141440641880e+07 2.059540141440641880e+07 2.059350953713953495e+07 2.058034977422678471e+07 2.057243142320978642e+07 2.056377344650042057e+07 2.053632159059679508e+07 2.051053074837744236e+07 2.049992365269291401e+07 2.047478384871017933e+07 2.045228639360725880e+07 2.040753735486662388e+07 2.036953623234283924e+07 2.030330866143953800e+07 2.028433868437206745e+07 2.024381476787674427e+07 2.015184083546793461e+07 2.004993271751844883e+07 1.994141159569132328e+07 1.983204453156292439e+07
1.897273425886936188e+08 1.897273425886936188e+08 1.897099143849964142e+08 1.895886850476016998e+08 1.895157402342014313e+08 1.894359818986988068e+08 1.891830920618953705e+08 1.889455036852779388e+08 1.888477898288402557e+08 1.886161988943729401e+08 1.884089495993289948e+08 1.879967160077304840e+08 1.876466450430011749e+08 1.870365486007442474e+08 1.868617948638019562e+08 1.864884836125049591e+08 1.856412085538082123e+08 1.847024185682353973e+08 1.837027087887897491e+08 1.826952060839862823e+08
7.459537948292429447e+08 7.459537948292429447e+08 7.458901771655085087e+08 7.454476060570976734e+08 7.451783470016033649e+08 7.448842016031448841e+08 7.439153261565849781e+08 7.430009052864058018e+08 7.426374175658075809e+08 7.417863274346010685e+08 7.410274346516964436e+08 7.394665659527971745e+08 7.380811308855135441e+08 7.358138174054472446e+08 7.351409136871292591e+08 7.337215967618477345e+08 7.305475141960432529e+08 7.268609387414982319e+08 7.228402336364347935e+08 7.189417875779259205e+08
2.716478345663780212e+09 2.716478345663780212e+09 2.716247057166828156e+09 2.714638299187641144e+09 2.713659202839115143e+09 2.712589512372531891e+09 2.709063398590398788e+09 2.705734981601766586e+09 2.704412958759235382e+09 2.701318240981060028e+09 2.698559025987323761e+09 2.692879404770759583e+09 2.687833375326551437e+09 2.679588027905872345e+09 2.677139020013507843e+09 2.671974272345336914e+09 2.660428892176074982e+09 2.647004352206392288e+09 2.632355334804721832e+09 2.618164094001502991e+09
4.990834406813235546e+03 4.990834406813235546e+03 4.990412499348611163e+03 4.987490834954522143e+03 4.985715876795795339e+03 4.983779391903990472e+03 4.977421173318034562e+03 4.971463077354339475e+03 4.969072999596923182e+03 4.963484026546335372e+03 4.958492139769929054e+03 4.948285879717186617e+03 4.939256560955291206e+03 4.924318435912464338e+03 4.919908461965249444e+03 4.910576424940467405e+03 4.889707138397126982e+03 4.865615106099263357e+03 4.839443628924527729e+03 4.813920904845210316e+03
1.410497238058267976e+04 1.410497238058267976e+04 1.410376866681894171e+04 1.409546195510422694e+04 1.409041651850353810e+04 1.408491588179461542e+04 1.406687322975249845e+04 1.405004658686832408e+04 1.404326233682545717e+04 1.402741933073752443e+04 1.401325568482416566e+04 1.398436882625214639e+04 1.395882753082711133e+04 1.391637992724563810e+04 1.390387534462750773e+04 1.387735653166307020e+04 1.381810368618110078e+04 1.374983671888193930e+04 1.367579410625991295e+04 1.360342100801246124e+04
1.546598991361283464e+06 1.546598991361283464e+06 1.546467151879386744e+06 1.545550953353887191e+06 1.544993059722210048e+06 1.544383144913946977e+06 1.542374104667501291e+06 1.540477607180814026e+06 1.539724142385168700e+06 1.537960021018909058e+06 1.536387304601262091e+06 1.533149622970004333e+06 1.530273287797588622e+06 1.525577206532509765e+06 1.524182180889574578e+06 1.521238351894429652e+06 1.514662330228038831e+06 1.507010485099034151e+06 1.498662976870237617e+06 1.490576764234964503e+06
1.730336729689675849e+03 1.730336729689675849e+03 1.730180754140543286e+03 1.729084529209008906e+03 1.728430815732630435e+03 1.727721261931292247e+03 1.725474012326507363e+03 1.723371242046297994e+03 1.722498677209659945e+03 1.720431544909195509e+03 1.718578928645409178e+03 1.714938316681596916e+03 1.711876498957339209e+03 1.706395770662056748e+03 1.704839452205866110e+03 1.701539593183842953e+03 1.693970447993779089e+03 1.685746155839238781e+03 1.677062447537377011e+03 1.668188336736347992e+03
2.725153296850585938e+07 2.725153296850585938e+07 2.725010207139587402e+07 2.723959786430358887e+07 2.723347581061553955e+07 2.722706216340637207e+07 2.720567553932952881e+07 2.718585528779602051e+07 2.717779551229858398e+07 2.715890762876892090e+07 2.714192939165496826e+07 2.710850830944824219e+07 2.707950637662506104e+07 2.702709539250183105e+07 2.701217088325500488e+07 2.698160183921051025e+07 2.690966266316223145e+07 2.683217564292144775e+07 2.674922338589477539e+07 2.666569387912750244e+07
2.467021324018135071e+08 2.467021324018135071e+08 2.466786071225509644e+08 2.465099582514305115e+08 2.464110486901473999e+08 2.463052197121353149e+08 2.459743499322738647e+08 2.456659201653671265e+08 2.455354420189094543e+08 2.452251498670196533e+08 2.449462405365447998e+08 2.444126050769500732e+08 2.439785950349044800e+08 2.431477885702247620e+08 2.429168690980377197e+08 2.424312840974655151e+08 2.412913269394912720e+08 2.401066577732353210e+08 2.388810207760848999e+08 2.375837249906997681e+08
1.064399530438099056e+06 1.064399530438099056e+06 1.064398474980507046e+06 1.064396832950744778e+06 1.064382285533580929e+06 1.064363983363304287e+06 1.064128777336511761e+06 1.063870577654335648e+06 1.063834432912800461e+06 1.063799222170207649e+06 1.063772550073478371e+06 1.063478849486444145e+06 1.062940380175027996e+06 1.062718640409801155e+06 1.062549400729928166e+06 1.062280560497019440e+06 1.061877827458534390e+06 1.060611840075287968e+06 1.058791891405168921e+06 1.057766161953184754e+06
4.587316411695718765e+06 4.587316411695718765e+06 4.586949526277303696e+06 4.584335389775514603e+06 4.582783474373936653e+06 4.581116356744885445e+06 4.575701501061081886e+06 4.570650131928563118e+06 4.568577890145301819e+06 4.563709580228805542e+06 4.559346025802850723e+06 4.550715167854070663e+06 4.543301052268624306e+06 4.530174603511333466e+06 4.526398853953838348e+06 4.518540759425640106e+06 4.500439697565078735e+06 4.480608417174458504e+06 4.459519199733853340e+06 4.438191748109221458e+06
2.119065919667649269e+07 2.119065919667649269e+07 2.118860527099776268e+07 2.117417438282179832e+07 2.116557363658213615e+07 2.115623523610806465e+07 2.112686574443078041e+07 2.109939089286494255e+07 2.108792825058007240e+07 2.106071121997809410e+07 2.103630315407156944e+07 2.098851297360491753e+07 2.094862882929444313e+07 2.087657712864947319e+07 2.085622158675169945e+07 2.081289165710663795e+07 2.071327539293742180e+07 2.060583027535319328e+07 2.049247462437844276e+07 2.037603368943905830e+07
3.902331046780029297e+09 3.902331046780029297e+09 3.901969283857543945e+09 3.899416401563720703e+09 3.897901164085815430e+09 3.896261119031127930e+09 3.891159692478881836e+09 3.886413568969482422e+09 3.884401173621337891e+09 3.879613360266479492e+09 3.875316127057861328e+09 3.867003485276245117e+09 3.860145111105712891e+09 3.847464792555175781e+09 3.843910789594238281e+09 3.836345857867797852e+09 3.818849197431152344e+09 3.800278627893188477e+09 3.780854383097290039e+09 3.760586969500366211e+09
8.521760738156590378e+02 8.521760738156590378e+02 8.521023999506724067e+02 8.515784324070118601e+02 8.512691678538831184e+02 8.509363316343951738e+02 8.499013601593906060e+02 8.489413893115561223e+02 8.485320140641124453e+02 8.475583615904906765e+02 8.466839376674470259e+02 8.450061661720828852e+02 8.436291254356910940e+02 8.410378442661749432e+02 8.403143837753887055e+02 8.387841010600823211e+02 8.352198223704181146e+02 8.314781858885980910e+02 8.275926995350746438e+02 8.234976225676946342e+02
1.944128347415059466e-01 1.944128347415059466e-01 1.943925133410715489e-01 1.942522199379936865e-01 1.941691058360959232e-01 1.940775594341985766e-01 1.938189569284176628e-01 1.935808410233050836e-01 1.934716744209410422e-01 1.932047347153726946e-01 1.929645730103359824e-01 1.925239410004664364e-01 1.921925039914498257e-01 1.915147256757947503e-01 1.913364050714179143e-01 1.909376742616615275e-01 1.900072532398375813e-01 1.890886427152302929e-01 1.881783881883904996e-01 1.871469195615311776e-01
7.993615112359402701e+02 7.993615112359402701e+02 7.992850419213646092e+02 7.987444636572326999e+02 7.984238669945043512e+02 7.980773251803184394e+02 7.969900908123236150e+02 7.959756674684176687e+02 7.955496174734726083e+02 7.945375361951300874e+02 7.936289996742561925e+02 7.918630769620067440e+02 7.903994175634288695e+02 7.877097572482889518e+02 7.869542037289647851e+02 7.853505756177764852e+02 7.816395322775351815e+02 7.776860650303424336e+02 7.735327426632284187e+02 7.692284981471602805e+02
6.994548245164878608e+00 6.994548245164878608e+00 6.993879837652002607e+00 6.989199487760970442e+00 6.986428581609743560e+00 6.983410297053751492e+00 6.974469591300021420e+00 6.966217988848484310e+00 6.962563489680178463e+00 6.953753408216698517e+00 6.945838658068623772e+00 6.930975996211373058e+00 6.919262869421118012e+00 6.896381112584094808e+00 6.890165689666901017e+00 6.876649646534133353e+00 6.845190661352489769e+00 6.813068489024544760e+00 6.780410989349547890e+00 6.744823600562767751e+00
4.448394026696478250e+02 4.448394026696478250e+02 4.447980155883415136e+02 4.445072023519169306e+02 4.443345121275924612e+02 4.441469682589377044e+02 4.435717602535733022e+02 4.430372057354979916e+02 4.428082256061316002e+02 4.422611145365517586e+02 4.417701116692769574e+02 4.408267000919731800e+02 4.400576232602761593e+02 4.386195346501917811e+02 4.382199644660868216e+02 4.373628023661440238e+02 4.353801035163633060e+02 4.332920581179641886e+02 4.311239701943122782e+02 4.288397643835196504e+02
2.090546196515206248e+02 2.090546196515206248e+02 2.090346096327266423e+02 2.088946151003183331e+02 2.088120049241915694e+02 2.087219349514998612e+02 2.084619899243843975e+02 2.082235047587746521e+02 2.081150480627475190e+02 2.078518779414662276e+02 2.076151920232805423e+02 2.071788145147511386e+02 2.068441798642306821e+02 2.061655800730586634e+02 2.059845216147077736e+02 2.055870599838090129e+02 2.046560463189744041e+02 2.037301498362285201e+02 2.028048272368032485e+02 2.017673105571811902e+02
1.657627004697694417e+00 1.657627004697694417e+00 1.657491169196980252e+00 1.656541257886026131e+00 1.655971716780634040e+00 1.655351607475203934e+00 1.653359494964199428e+00 1.651486084355433093e+00 1.650722499048121961e+00 1.648918837533067006e+00 1.647303608618351234e+00 1.644082201601115401e+00 1.641327848100154085e+00 1.636538135552818574e+00 1.635161133542901268e+00 1.632244327631092062e+00 1.625606893980652501e+00 1.618244294475168488e+00 1.610383986981609894e+00 1.602498094858951561e+00
8.874509373720371741e-01 8.874509373720371741e-01 8.873695306701989693e-01 8.868007258594303721e-01 8.864612092529711163e-01 8.860910994450676981e-01 8.849321744299771808e-01 8.838455711183854646e-01 8.833927964099501651e-01 8.823150294858663756e-01 8.813485469639061876e-01 8.794559435317950147e-01 8.778823276171721091e-01 8.750442096701505079e-01 8.742452624613719081e-01 8.725351562332690492e-01 8.686126651691807865e-01 8.643786327219658006e-01 8.599187538994073066e-01 8.553381423433989994e-01
3.024165596135048872e-01 3.024165596135048872e-01 3.023857777140790404e-01 3.021700157182323210e-01 3.020422465205854223e-01 3.019031910230438598e-01 3.014819573310063561e-01 3.010897294381464917e-01 3.009207262413156059e-01 3.005148143486451318e-01 3.001501438553191292e-01 2.994550405672384841e-01 2.988988238770815542e-01 2.978379953975434091e-01 2.975476289033025523e-01 2.969196674144427561e-01 2.954600900420842891e-01 2.939475846686434579e-01 2.923877532954151093e-01 2.907256998256997349e-01
