2.896295863254508972e+08 2.896295863254508972e+08 2.895987031510581970e+08 2.894626857828636169e+08 2.891831701283988953e+08 2.890532621779136658e+08 2.885631594569969177e+08 2.882063124105339050e+08 2.879534579816474915e+08 2.875246684876747131e+08 2.872028801761512756e+08 2.864410252655754089e+08 2.859411714723091125e+08 2.848989778246650696e+08 2.845843928063545227e+08 2.838487769534416199e+08 2.824497253804817200e+08 2.806988705610084534e+08 2.793105631708259583e+08 2.777827434956474304e+08
5.262762623448181152e+08 5.262762623448181152e+08 5.262218246339416504e+08 5.259888636130065918e+08 5.254861831254882812e+08 5.252484118243713379e+08 5.243696870583496094e+08 5.237164030420227051e+08 5.232654299124145508e+08 5.225257362886352539e+08 5.219606787820434570e+08 5.205776561823425293e+08 5.196812396803894043e+08 5.178032721453552246e+08 5.172102609765777588e+08 5.158411576762084961e+08 5.133495456556243896e+08 5.100825794854125977e+08 5.074971387923736572e+08 5.046977995049133301e+08
1.340598061297801905e+03 1.340598061297801905e+03 1.340455111183939152e+03 1.339825499360173126e+03 1.338531730185568449e+03 1.337930450103958719e+03 1.335661954989729566e+03 1.334010302397204214e+03 1.332839927906650701e+03 1.330855122646156815e+03 1.329365642523582210e+03 1.325839375182127696e+03 1.323525756413539057e+03 1.318701874620994204e+03 1.317245891799000674e+03 1.313841207153003779e+03 1.307365488707917393e+03 1.299261939751057071e+03 1.292836369731536251e+03 1.285764916850908776e+03
2.387909909270732896e+03 2.387909909270732896e+03 2.387662959421431879e+03 2.386606397655472392e+03 2.384325701975991251e+03 2.383246776392828906e+03 2.379260027789074229e+03 2.376295630737004103e+03 2.374249661302106688e+03 2.370894693410402397e+03 2.368331455397099489e+03 2.362056135091494070e+03 2.357989106507069664e+03 2.349468504629941890e+03 2.346777031418081606e+03 2.340563715863536345e+03 2.329259917925839545e+03 2.314433385946467752e+03 2.302699996326380642e+03 2.289997403396671871e+03
2.059540141440641880e+07 2.059540141440641880e+07 2.059338431753027439e+07 2.058438264699614048e+07 2.056620959602510929e+07 2.055789467709219456e+07 2.052590977367794514e+07 2.050228194663393497e+07 2.048565385623133183e+07 2.045724331745541096e+07 2.043621335687267780e+07 2.038628521115458012e+07 2.035287732487452030e+07 2.028470584744894505e+07 2.026389741957628727e+07 2.021504150233566761e+07 2.012236334680855274e+07 2.000797222368919849e+07 1.991688862252676487e+07 1.981603099809038639e+07
1.897273425886936188e+08 1.897273425886936188e+08 1.897087608467807770e+08 1.896258363620243073e+08 1.894584240048923492e+08 1.893818259601383209e+08 1.890871771373882294e+08 1.888695147192134857e+08 1.887163347266979218e+08 1.884546133851337433e+08 1.882608828287906647e+08 1.878009386744747162e+08 1.874931811593875885e+08 1.868651772131824493e+08 1.866734874429721832e+08 1.862234207873592377e+08 1.853696583383007050e+08 1.843158733926105499e+08 1.834768001740016937e+08 1.825476874624271393e+08
7.459537948292429447e+08 7.459537948292429447e+08 7.458860216967585087e+08 7.455831598326361179e+08 7.449634236461060047e+08 7.446840145839111805e+08 7.435771283566696644e+08 7.427236382484819889e+08 7.421491474107859135e+08 7.411844536523735523e+08 7.404776833249275684e+08 7.387275437643234730e+08 7.375291426011202335e+08 7.351728804207527637e+08 7.344007155657808781e+08 7.326047008600609303e+08 7.293716878795397282e+08 7.252658094250900745e+08 7.219669080937111378e+08 7.183587567913057804e+08
2.716478345663780212e+09 2.716478345663780212e+09 2.716231989916545868e+09 2.715130872003057480e+09 2.712877502069778442e+09 2.711862089182130814e+09 2.707835605029918671e+09 2.704727540187643051e+09 2.702637717703960419e+09 2.699129542588470459e+09 2.696560333200109482e+09 2.690191888705955505e+09 2.685828035489904404e+09 2.677257095718635559e+09 2.674443791741298676e+09 2.667900903565866470e+09 2.656136564921575546e+09 2.641188486471895218e+09 2.629175720249700546e+09 2.616039700669809341e+09
4.990834406813235546e+03 4.990834406813235546e+03 4.990383572958387958e+03 4.988391902220064367e+03 4.984310913235742191e+03 4.982471946604760888e+03 4.975234152396304125e+03 4.969663814931969682e+03 4.965896810634039866e+03 4.959543346462283807e+03 4.954881829558617028e+03 4.943409757880122925e+03 4.935575834508148546e+03 4.920087882181025634e+03 4.915047611849244277e+03 4.903342337361747923e+03 4.882151907164232398e+03 4.855298394025398011e+03 4.833699308880000899e+03 4.810041494207318465e+03
1.410497238058267976e+04 1.410497238058267976e+04 1.410368394541527960e+04 1.409803428155879374e+04 1.408644356233670260e+04 1.408122870301848161e+04 1.406076456553066964e+04 1.404499345280203852e+04 1.403431455179091427e+04 1.401626449029400828e+04 1.400301879932891461e+04 1.397049718716621283e+04 1.394828864148232969e+04 1.390431771733539063e+04 1.389002111581570352e+04 1.385687258414711687e+04 1.379678613778456929e+04 1.372071918510433170e+04 1.365944116527188453e+04 1.359226517630342278e+04
1.546598991361283464e+06 1.546598991361283464e+06 1.546458687415906927e+06 1.545830939398573479e+06 1.544547954173910199e+06 1.543970432174810907e+06 1.541675934276880464e+06 1.539903756653178250e+06 1.538713075326661346e+06 1.536712847397614038e+06 1.535249323926741024e+06 1.531620619323416380e+06 1.529132027064336231e+06 1.524249994345075218e+06 1.522646770396212814e+06 1.518917274683383992e+06 1.512212127242780989e+06 1.503696511342490790e+06 1.496851409936056240e+06 1.489365677827104693e+06
1.730336729689675849e+03 1.730336729689675849e+03 1.730168861033569556e+03 1.729427575531706680e+03 1.727915981353668030e+03 1.727213602301955689e+03 1.724580611058685463e+03 1.722676093952904921e+03 1.721312687042576727e+03 1.718983712657762226e+03 1.717237735901551787e+03 1.713151080294686835e+03 1.710478014781780075e+03 1.704869641015829984e+03 1.703208196942519862e+03 1.699308524901454803e+03 1.691776198034582194e+03 1.682467634203203488e+03 1.675104306666471530e+03 1.666950015588838141e+03
2.725153296850585938e+07 2.725153296850585938e+07 2.724992608566284180e+07 2.724317615387725830e+07 2.722848396087646484e+07 2.722135447915649414e+07 2.719636809719085693e+07 2.717903652319335938e+07 2.716630230147552490e+07 2.714527633152770996e+07 2.712879994351959229e+07 2.709018432716369629e+07 2.706629891045379639e+07 2.701308601760864258e+07 2.699750751370239258e+07 2.696162292816162109e+07 2.689246145811462402e+07 2.680089650876617432e+07 2.673008286788940430e+07 2.665351564097595215e+07
2.467021324018135071e+08 2.467021324018135071e+08 2.466763511787452698e+08 2.465648005967636108e+08 2.463327308771400452e+08 2.462218186713562012e+08 2.458269183966598511e+08 2.455549644563636780e+08 2.453511227450790405e+08 2.450041857150993347e+08 2.447372059270973206e+08 2.441325528720016479e+08 2.437529117413864136e+08 2.429097600013427734e+08 2.426735539811935425e+08 2.421231706812286377e+08 2.410189369821662903e+08 2.396630836431427002e+08 2.386006223283920288e+08 2.374183842382431030e+08
1.064399530438099056e+06 1.064399530438099056e+06 1.064398616322670132e+06 1.064394473928604275e+06 1.064357215693388134e+06 1.064358813910398632e+06 1.064172175816152245e+06 1.063897016765389591e+06 1.063824966592226177e+06 1.063763361723218113e+06 1.063752241635594517e+06 1.063387273585233837e+06 1.063039354579184204e+06 1.062743225318167359e+06 1.062426112661693245e+06 1.061729186795566231e+06 1.061119927101884037e+06 1.059675281505588442e+06 1.058464757775012404e+06 1.057386731808070093e+06
4.587316411695718765e+06 4.587316411695718765e+06 4.586916561938762665e+06 4.585175703096985817e+06 4.581543501369237900e+06 4.579837671844959259e+06 4.573534814910054207e+06 4.568964752954125404e+06 4.565720370973110199e+06 4.560245372786283493e+06 4.556098908174633980e+06 4.546291479832530022e+06 4.539964295270681381e+06 4.526547089892625809e+06 4.522518166577339172e+06 4.513140933037996292e+06 4.495286779578208923e+06 4.472709796523094177e+06 4.454894252467632294e+06 4.435319803442597389e+06
2.119065919667649269e+07 2.119065919667649269e+07 2.118844824784636497e+07 2.117868928176999092e+07 2.115880154854083061e+07 2.114955185404276848e+07 2.111512134638381004e+07 2.109024460508036613e+07 2.107229712651324272e+07 2.104164330839419365e+07 2.101864085365891457e+07 2.096509487105536461e+07 2.093001623208403587e+07 2.085621322329497337e+07 2.083442806621766090e+07 2.078332958468794823e+07 2.068421361974930763e+07 2.056278148529887199e+07 2.046661059887433052e+07 2.035957209421014786e+07
3.902331046780029297e+09 3.902331046780029297e+09 3.901939996523559570e+09 3.900222188186645508e+09 3.896707158177124023e+09 3.895060960273681641e+09 3.889058620180786133e+09 3.884758610324584961e+09 3.881610944846923828e+09 3.876229533264648438e+09 3.872165380448608398e+09 3.862828201816894531e+09 3.856771664397460938e+09 3.843801253222656250e+09 3.840030437408569336e+09 3.831229074841918945e+09 3.813944275626342773e+09 3.792994471068969727e+09 3.776406503176757812e+09 3.757806923842895508e+09
8.521760738156590378e+02 8.521760738156590378e+02 8.520958933660294861e+02 8.517463009945495287e+02 8.510247731766285142e+02 8.506835624762024963e+02 8.494593221599207027e+02 8.485954940599622205e+02 8.479560519617225509e+02 8.468644916375778848e+02 8.460326610284973867e+02 8.441374105663126102e+02 8.429277518314629560e+02 8.402861291306180647e+02 8.395301633343333378e+02 8.377727343796868809e+02 8.342862294957303675e+02 8.300491444523795508e+02 8.267065909568191273e+02 8.229590523792285239e+02
1.944128347415059466e-01 1.944128347415059466e-01 1.943913079410464206e-01 1.942945585390773999e-01 1.941061003345723179e-01 1.940183137324211771e-01 1.937037096255949109e-01 1.934886716203152446e-01 1.933197691163499599e-01 1.930200178101557640e-01 1.927951372053158252e-01 1.923120594939149441e-01 1.919989246863735843e-01 1.913092991698732703e-01 1.911278913641218935e-01 1.906984291519648878e-01 1.897776426309398801e-01 1.887562888045231091e-01 1.879477779825826644e-01 1.870019913581479898e-01
7.993615112359402701e+02 7.993615112359402701e+02 7.992787076622189488e+02 7.989157002448919229e+02 7.981707951555727050e+02 7.978213407107105013e+02 7.965430523327377159e+02 7.956296899476146791e+02 7.949626684020622633e+02 7.938251001406169962e+02 7.929648805547622032e+02 7.909800274087465368e+02 7.896943423328775680e+02 7.869453543107520090e+02 7.861455487335915677e+02 7.842736970588302938e+02 7.806079731441568583e+02 7.761239820774499094e+02 7.725817884214920923e+02 7.686321233058697544e+02
6.994548245164878608e+00 6.994548245164878608e+00 6.993831302050921295e+00 6.990653287090708545e+00 6.984282967069248116e+00 6.981298538407145315e+00 6.970601060711942409e+00 6.963124244984783218e+00 6.957441278282885833e+00 6.947555666899461357e+00 6.940090903353620888e+00 6.923556783552385241e+00 6.912884540598042804e+00 6.889551158669519282e+00 6.883100945176238383e+00 6.868001520953839645e+00 6.837009039622216733e+00 6.801072292719936740e+00 6.772606665865396280e+00 6.739992020444105947e+00
4.448394026696478250e+02 4.448394026696478250e+02 4.447948621634568553e+02 4.445981796269625193e+02 4.441993728294182802e+02 4.440130309780070093e+02 4.433326064498833148e+02 4.428484883110504597e+02 4.424910246086365078e+02 4.418761401971860323e+02 4.414127701088582398e+02 4.403576890922995517e+02 4.396721925836318405e+02 4.382023653140349779e+02 4.377805580374551937e+02 4.367934566298208665e+02 4.348322405321814585e+02 4.324817991132731549e+02 4.306205679581180448e+02 4.285243204578146106e+02
2.090546196515206248e+02 2.090546196515206248e+02 2.090331694829801563e+02 2.089380311817585607e+02 2.087484344768308802e+02 2.086592484073044034e+02 2.083454816409066552e+02 2.081295143098177505e+02 2.079612316545899375e+02 2.076664058046881109e+02 2.074430216300679604e+02 2.069589610608891235e+02 2.066487860584747978e+02 2.059580228876657202e+02 2.057727580856007989e+02 2.053395572808876750e+02 2.044267080005229218e+02 2.033951938768368564e+02 2.025782326218541129e+02 2.016286515620959108e+02
1.657627004697694417e+00 1.657627004697694417e+00 1.657481313896703057e+00 1.656835820091252742e+00 1.655522656772511425e+00 1.654917802761467271e+00 1.652599389243043504e+00 1.650896200538277014e+00 1.649700852326866141e+00 1.647663722611575565e+00 1.646148363794615932e+00 1.642536231773867428e+00 1.640143426275862737e+00 1.635227299636987652e+00 1.633733844739985841e+00 1.630220843447425239e+00 1.623560643622560917e+00 1.615229438407361329e+00 1.608626852103149929e+00 1.601364714794890176e+00
8.874509373720371741e-01 8.874509373720371741e-01 8.873637229703632556e-01 8.869767529611323198e-01 8.861956941491513362e-01 8.858339146443228174e-01 8.844714153232899889e-01 8.834908891128492314e-01 8.827834058015895380e-01 8.815684222740145515e-01 8.806605778550391506e-01 8.785487365250759240e-01 8.771601364052656891e-01 8.742559365584412490e-01 8.734046456541904035e-01 8.713952643370959095e-01 8.674766808678526786e-01 8.626826032187722149e-01 8.588919053840839979e-01 8.546789146304405449e-01
3.024165596135048872e-01 3.024165596135048872e-01 3.023835033141466511e-01 3.022371872168037044e-01 3.019430752224678827e-01 3.018052725252999835e-01 3.013032570344336136e-01 3.009527275406753688e-01 3.006893021455141479e-01 3.002333721536700750e-01 2.998893099600508094e-01 2.991161094744541060e-01 2.986158020825655512e-01 2.975351798029635120e-01 2.972341661080974973e-01 2.965230679204609032e-01 2.950798042466544757e-01 2.933659734780604822e-01 2.920154967019072956e-01 2.904910254293042726e-01
