2.896295863254508972e+08 2.896295863254508972e+08 2.896107032465171814e+08 2.894679440423088074e+08 2.893445538325157166e+08 2.891704297440757751e+08 2.887888307465248108e+08 2.885240361660194397e+08 2.882430482838020325e+08 2.879999978088417053e+08 2.876734537461433411e+08 2.870316092278938293e+08 2.865186261802024841e+08 2.853622128115577698e+08 2.850886659384803772e+08 2.844499073786888123e+08 2.832218375357170105e+08 2.816724092590141296e+08 2.801591639949531555e+08 2.785510401892051697e+08
5.262762623448181152e+08 5.262762623448181152e+08 5.262429040875549316e+08 5.259962832571716309e+08 5.257830342657470703e+08 5.254821346084289551e+08 5.247855810233306885e+08 5.242860630869598389e+08 5.237817478266143799e+08 5.233608480493621826e+08 5.227882602989044189e+08 5.216149023826141357e+08 5.206758691539459229e+08 5.186202529638519287e+08 5.181315888269195557e+08 5.169907565110015869e+08 5.148093463074493408e+08 5.119505018955535889e+08 5.091586505466308594e+08 5.062164719340515137e+08
1.340598061297801905e+03 1.340598061297801905e+03 1.340510656610087608e+03 1.339849844440424931e+03 1.339278689898506855e+03 1.338472694813288399e+03 1.336706469603479491e+03 1.335480927041106042e+03 1.334180340101956972e+03 1.333055299123763689e+03 1.331543802870044601e+03 1.328573030974148423e+03 1.326198701527566300e+03 1.320846040835967869e+03 1.319579893302594428e+03 1.316623313707954367e+03 1.310938971840500017e+03 1.303767572057040525e+03 1.296763657053306815e+03 1.289320478927067597e+03
2.387909909270732896e+03 2.387909909270732896e+03 2.387758581258618506e+03 2.386639991795789683e+03 2.385672761956142494e+03 2.384307978220196674e+03 2.381147307667328278e+03 2.378880158941290574e+03 2.376592080695118057e+03 2.374682982695318060e+03 2.372085614421434002e+03 2.366761351147113601e+03 2.362500322055100696e+03 2.353174667819082970e+03 2.350957673759694444e+03 2.345781902044924209e+03 2.335885617416613968e+03 2.322912340328475693e+03 2.310243071546108695e+03 2.296892476246837759e+03
2.059540141440641880e+07 2.059540141440641880e+07 2.059416565005171299e+07 2.058474265819036961e+07 2.057657968544161320e+07 2.056511037600386143e+07 2.054032938620388508e+07 2.052316078104364872e+07 2.050493079969322681e+07 2.048890220301640034e+07 2.046754981565868855e+07 2.042594784541237354e+07 2.039238730402290821e+07 2.031661293535768986e+07 2.029856147617781162e+07 2.025646332493746281e+07 2.017605166324579716e+07 2.007458399292337894e+07 1.997483286207830906e+07 1.987007942134869099e+07
1.897273425886936188e+08 1.897273425886936188e+08 1.897159585770664215e+08 1.896291528291492462e+08 1.895539545304546356e+08 1.894482978557720184e+08 1.892200123623828888e+08 1.890618530833721161e+08 1.888939162769145966e+08 1.887462588931941986e+08 1.885495581020641327e+08 1.881663156905460358e+08 1.878571519001598358e+08 1.871591091942920685e+08 1.869928169552669525e+08 1.866050036620769501e+08 1.858642416483478546e+08 1.849295091233119965e+08 1.840105895660381317e+08 1.830455881244258881e+08
7.459537948292429447e+08 7.459537948292429447e+08 7.459122989295551777e+08 7.455955809506790638e+08 7.453180325786964893e+08 7.449321845381090641e+08 7.440673723754389286e+08 7.434537138020975590e+08 7.428349366281616688e+08 7.422932015319092274e+08 7.415753863653891087e+08 7.401375405774958134e+08 7.389588233655340672e+08 7.363707607811272144e+08 7.357412135201828480e+08 7.342756864270823002e+08 7.315400036753637791e+08 7.279312772272579670e+08 7.243237840518438816e+08 7.206946083158142567e+08
2.716478345663780212e+09 2.716478345663780212e+09 2.716327516195125580e+09 2.715176108327039719e+09 2.714166777864782333e+09 2.712764017017660141e+09 2.709617472572422028e+09 2.707383747301271439e+09 2.705134104002056122e+09 2.703164356293579102e+09 2.700554961014102936e+09 2.695325085575658798e+09 2.691035778126314163e+09 2.681623974968873978e+09 2.679333273695869446e+09 2.674001056452394485e+09 2.664053366484699249e+09 2.650917496446371078e+09 2.637780537538372040e+09 2.624579012944335938e+09
4.990834406813235546e+03 4.990834406813235546e+03 4.990557053579461353e+03 4.988451493741806189e+03 4.986624622943905706e+03 4.984086924002484011e+03 4.978448208354857343e+03 4.974445253007907013e+03 4.970386776404549892e+03 4.966819109327952901e+03 4.962090503704363073e+03 4.952661816024316067e+03 4.944953425797379168e+03 4.927928580878746288e+03 4.923792812461244466e+03 4.914152285258496704e+03 4.896113670888917113e+03 4.872472285212112183e+03 4.848873703919562104e+03 4.825018231621455925e+03
1.410497238058267976e+04 1.410497238058267976e+04 1.410417728275430272e+04 1.409816085039052996e+04 1.409297209576584282e+04 1.408577350377567927e+04 1.406986566308254260e+04 1.405855309327083523e+04 1.404706116373345139e+04 1.403692849495258997e+04 1.402350307676472585e+04 1.399679513232895988e+04 1.397498107836811687e+04 1.392665151723704184e+04 1.391490994505069102e+04 1.388751099187132786e+04 1.383622965518056299e+04 1.376919514668543707e+04 1.370228366945681046e+04 1.363456511229460011e+04
1.546598991361283464e+06 1.546598991361283464e+06 1.546513115820558509e+06 1.545856943511042511e+06 1.545281503385483986e+06 1.544482006178835174e+06 1.542689420435928507e+06 1.541417307639683364e+06 1.540136441964522703e+06 1.539013680407386972e+06 1.537527179416766157e+06 1.534549145955822198e+06 1.532105510614500148e+06 1.526743775679358980e+06 1.525437975252614124e+06 1.522399049791142112e+06 1.516732762164014159e+06 1.509248457847352838e+06 1.501759847592045320e+06 1.494243439995747758e+06
1.730336729689675849e+03 1.730336729689675849e+03 1.730233600175532047e+03 1.729454884198668879e+03 1.728785152724536601e+03 1.727837874440767337e+03 1.725799635694653261e+03 1.724387008500460070e+03 1.722868668720999267e+03 1.721549454999330919e+03 1.719777381008781958e+03 1.716330728700908367e+03 1.713578132079157513e+03 1.707326956062752288e+03 1.705853469557885546e+03 1.702418372857908253e+03 1.695776788345130626e+03 1.687503321842348669e+03 1.679462214691622648e+03 1.670822688487183768e+03
2.725153296850585938e+07 2.725153296850585938e+07 2.725053420711517334e+07 2.724331411757659912e+07 2.723722028162384033e+07 2.722848649539184570e+07 2.720873062023162842e+07 2.719481477079010010e+07 2.718009897916412354e+07 2.716800852604675293e+07 2.715132836369323730e+07 2.711783777552795410e+07 2.709153981801605225e+07 2.703274845607757568e+07 2.701924614247894287e+07 2.698738242658996582e+07 2.692466651703643799e+07 2.684579972698211670e+07 2.677028130818176270e+07 2.668662793970489502e+07
2.467021324018135071e+08 2.467021324018135071e+08 2.466862107921371460e+08 2.465682208718261719e+08 2.464681175599975586e+08 2.463247346524772644e+08 2.460217082932205200e+08 2.458138370204772949e+08 2.455801695728073120e+08 2.453817446106872559e+08 2.451109907680473328e+08 2.445897117021522522e+08 2.441840994502372742e+08 2.432409011542396545e+08 2.430245853961448669e+08 2.425170681304473877e+08 2.415112573831100464e+08 2.403016570464935303e+08 2.391499986963233948e+08 2.378492775961723328e+08
1.064399530438099056e+06 1.064399530438099056e+06 1.064398764184627682e+06 1.064393209246788174e+06 1.064381203213009983e+06 1.064375037978444248e+06 1.064137277130220085e+06 1.063958313429001719e+06 1.063929478391770273e+06 1.063907565910462290e+06 1.063901283040169626e+06 1.063671023581270128e+06 1.063405471531096846e+06 1.063193871617499739e+06 1.063082288356486708e+06 1.062848191356781870e+06 1.062665273884300143e+06 1.061649977198544890e+06 1.060395090786311775e+06 1.059847235245499760e+06
4.587316411695718765e+06 4.587316411695718765e+06 4.587069868335008621e+06 4.585232357460260391e+06 4.583655979087114334e+06 4.581422298751473427e+06 4.576528241832017899e+06 4.573073027664661407e+06 4.569429384438753128e+06 4.566320966288328171e+06 4.562114993649244308e+06 4.553804476645827293e+06 4.547171890565752983e+06 4.532285009533643723e+06 4.528775510198712349e+06 4.520601175887584686e+06 4.504795819855809212e+06 4.484840411326408386e+06 4.465469420366048813e+06 4.444678385928630829e+06
2.119065919667649269e+07 2.119065919667649269e+07 2.118930067775464058e+07 2.117904515144848824e+07 2.117023162087512016e+07 2.115775893893027306e+07 2.113122210679507256e+07 2.111283533138775826e+07 2.109285180664324760e+07 2.107547407918143272e+07 2.105213332736182213e+07 2.100697713292288780e+07 2.097097727823328972e+07 2.088869658392691612e+07 2.086936845651412010e+07 2.082420242805218697e+07 2.073669404213166237e+07 2.062849679617476463e+07 2.052347714992165565e+07 2.040983019884610176e+07
3.902331046780029297e+09 3.902331046780029297e+09 3.902090453628173828e+09 3.900282113574096680e+09 3.898733518288818359e+09 3.896535194506347656e+09 3.891971208055786133e+09 3.888779723856323242e+09 3.885245398296264648e+09 3.882186988525268555e+09 3.878064011731445312e+09 3.870163654691406250e+09 3.863898483294555664e+09 3.849423018718627930e+09 3.846046531717651367e+09 3.838143115400146484e+09 3.822732569637207031e+09 3.803956418556030273e+09 3.785840915992431641e+09 3.765904258289306641e+09
8.521760738156590378e+02 8.521760738156590378e+02 8.521266507971595274e+02 8.517577701752597932e+02 8.514432148962368956e+02 8.509948607881378848e+02 8.500678985936538083e+02 8.494184264118521241e+02 8.486925258736882824e+02 8.480702744966256432e+02 8.472265449710248504e+02 8.456118148326204391e+02 8.443404399725113763e+02 8.413897446803894127e+02 8.407065324584982591e+02 8.391058565072162310e+02 8.359628577768744435e+02 8.321639964959176723e+02 8.285208712758030742e+02 8.244583607676904649e+02
1.944128347415059466e-01 1.944128347415059466e-01 1.943996710412108087e-01 1.942986142391021076e-01 1.942124665372375603e-01 1.940894313346674949e-01 1.938608895299864798e-01 1.937063892262926856e-01 1.935156470218259983e-01 1.933450129182290311e-01 1.931166689133547720e-01 1.927080091039599097e-01 1.923881818967672075e-01 1.916042383790710346e-01 1.914255548750247726e-01 1.910043929650697692e-01 1.901661596464307991e-01 1.892239250231000369e-01 1.883284379000933484e-01 1.872882878753259206e-01
7.993615112359402701e+02 7.993615112359402701e+02 7.993105384178052191e+02 7.989281120569503400e+02 7.986008340861299075e+02 7.981360312967444770e+02 7.971537458064558450e+02 7.964718086094071623e+02 7.957228923308139201e+02 7.950762911829806399e+02 7.942037234176532365e+02 7.925198255336435977e+02 7.911852048982982524e+02 7.881183329639607109e+02 7.874030112548498437e+02 7.857289558711927384e+02 7.824636122403026093e+02 7.784632735913182842e+02 7.746040260579175083e+02 7.703656785688799573e+02
6.994548245164878608e+00 6.994548245164878608e+00 6.994108251856459901e+00 6.990774176292688935e+00 6.987927617941750214e+00 6.983870398963972548e+00 6.975962657412082990e+00 6.970480381801053227e+00 6.964054752478205046e+00 6.958425645873830945e+00 6.950848638727848083e+00 6.936836619247742419e+00 6.925816225443440999e+00 6.899547354043079395e+00 6.893502553933785748e+00 6.879298107084196090e+00 6.851276504649604249e+00 6.818550700860896541e+00 6.787271278564276145e+00 6.751777823703378090e+00
4.448394026696478250e+02 4.448394026696478250e+02 4.448120394447032595e+02 4.446054150003910763e+02 4.444284291403746465e+02 4.441770742993830936e+02 4.436624517979362281e+02 4.433049778730637627e+02 4.429036094896291615e+02 4.425541823595704045e+02 4.420839338614459848e+02 4.411916512250609230e+02 4.404848073046741774e+02 4.388397359878435964e+02 4.384570467531884788e+02 4.375603433541400591e+02 4.358085029712965479e+02 4.336956266213092022e+02 4.316591379655001219e+02 4.294077282685320824e+02
2.090546196515206248e+02 2.090546196515206248e+02 2.090414570769062266e+02 2.089416563836348359e+02 2.088567357402207563e+02 2.087353002283416572e+02 2.085077244125568541e+02 2.083498866093868855e+02 2.081583259906765306e+02 2.079900878190892399e+02 2.077633547399964300e+02 2.073520963432602002e+02 2.070307937487305026e+02 2.062499908598474576e+02 2.060720531016486348e+02 2.056527386982706957e+02 2.048184632401826093e+02 2.038693686833503307e+02 2.029692603162984597e+02 2.019232485841785092e+02
1.657627004697694417e+00 1.657627004697694417e+00 1.657537538696821855e+00 1.656859655893519800e+00 1.656274849887715561e+00 1.655451333077955667e+00 1.653634556569663516e+00 1.652380002958686589e+00 1.651063053038960504e+00 1.649913237128252774e+00 1.648375164509893409e+00 1.645347545878330209e+00 1.642911009861045102e+00 1.637447882809730970e+00 1.636146653504617632e+00 1.633119850187135569e+00 1.627320247036429635e+00 1.619957974205128437e+00 1.612744297703606833e+00 1.605152502644152435e+00
8.874509373720371741e-01 8.874509373720371741e-01 8.873974107712143677e-01 8.869913433620837395e-01 8.866423783543240233e-01 8.861487201439075534e-01 8.850920343302135507e-01 8.843695238248159285e-01 8.835843346118252839e-01 8.828966001969007493e-01 8.819751305779988115e-01 8.801951858545606910e-01 8.787743983348690335e-01 8.755290095748335943e-01 8.747656670613395136e-01 8.729835769304798987e-01 8.695313900655747830e-01 8.652657954140039465e-01 8.611209495669953640e-01 8.566510371048110528e-01
3.024165596135048872e-01 3.024165596135048872e-01 3.023962633138950196e-01 3.022426617167326413e-01 3.021115141190193754e-01 3.019246605224594759e-01 3.015426172293445006e-01 3.012828333344259590e-01 3.009862964400866758e-01 3.007269389447202457e-01 3.003777424512605876e-01 2.997199044639842214e-01 2.992015544737256505e-01 2.979860548967820932e-01 2.977055009020830312e-01 2.970470664141231509e-01 2.957506140388801441e-01 2.942091160675062156e-01 2.927321682939094671e-01 2.910761818264120393e-01
