2.896295863254508972e+08 2.896295863254508972e+08 2.896104998219718933e+08 2.894145992999534607e+08 2.892301848077201843e+08 2.890847111896324158e+08 2.885351032114601135e+08 2.882202728203468323e+08 2.879842208082008362e+08 2.876330322082176208e+08 2.871772831252708435e+08 2.862880194450874329e+08 2.856596906097068787e+08 2.845708822699012756e+08 2.842860668847694397e+08 2.836082601207771301e+08 2.822957846950263977e+08 2.805593831542320251e+08 2.789865417006111145e+08 2.774129438903999329e+08
5.262762623448181152e+08 5.262762623448181152e+08 5.262440809031066895e+08 5.259080343342285156e+08 5.255771144360656738e+08 5.253135106843872070e+08 5.243078478709564209e+08 5.237291805178680420e+08 5.233127543386993408e+08 5.227095961237945557e+08 5.218884491480865479e+08 5.202622302031555176e+08 5.191255349995422363e+08 5.171729949071350098e+08 5.166552425754699707e+08 5.154329341678771973e+08 5.131412401384582520e+08 5.099647350341491699e+08 5.070808246252593994e+08 5.042032046475372314e+08
1.340598061297801905e+03 1.340598061297801905e+03 1.340509709864636534e+03 1.339602906496103969e+03 1.338749320957125747e+03 1.338075987592703314e+03 1.335532140088340384e+03 1.334074970924950321e+03 1.332982351809929241e+03 1.331356739560331334e+03 1.329247258162489743e+03 1.325131312571713352e+03 1.322223062624878366e+03 1.317183384339747136e+03 1.315865110677099437e+03 1.312727835463316296e+03 1.306652670687893988e+03 1.298615787798495148e+03 1.291335956414477550e+03 1.284052577168520656e+03
2.387909909270732896e+03 2.387909909270732896e+03 2.387763973157067085e+03 2.386239862559159519e+03 2.384738481421169126e+03 2.383542425052524777e+03 2.378979065510240616e+03 2.376353176140371943e+03 2.374464097473799484e+03 2.371728497949574376e+03 2.368002846901916200e+03 2.360623648405919084e+03 2.355466144943988184e+03 2.346607520923746051e+03 2.344258249632344814e+03 2.338712428183556767e+03 2.328317196243704529e+03 2.313903301721118623e+03 2.300816882506042020e+03 2.287759278175450163e+03
2.059540141440641880e+07 2.059540141440641880e+07 2.059412724287855625e+07 2.058118147544634342e+07 2.056922666922152042e+07 2.055979276437056065e+07 2.052394721436703205e+07 2.050307105176031590e+07 2.048756815127813816e+07 2.046431743620359898e+07 2.043491687007391453e+07 2.037714745349943638e+07 2.033570320209038258e+07 2.026451192420685291e+07 2.024579733615696430e+07 2.020109266219007969e+07 2.011454523856699467e+07 2.000033515803539753e+07 1.989729828741753101e+07 1.979481331130230427e+07
1.897273425886936188e+08 1.897273425886936188e+08 1.897156047654514313e+08 1.895963467799167633e+08 1.894862176501979828e+08 1.893993113708019257e+08 1.890690978020572662e+08 1.888767840519237518e+08 1.887339694457607269e+08 1.885197810281581879e+08 1.882489394356670380e+08 1.877167605413379669e+08 1.873349710534534454e+08 1.866791483379611969e+08 1.865067472751369476e+08 1.860949223777408600e+08 1.852976369765720367e+08 1.842455198150157928e+08 1.832963316229686737e+08 1.823522275521640778e+08
7.459537948292429447e+08 7.459537948292429447e+08 7.459109251966402531e+08 7.454753054258072376e+08 7.450704816249287128e+08 7.447476685646412373e+08 7.434852192169935703e+08 7.427246310727999210e+08 7.421947979387867451e+08 7.414121376934702396e+08 7.404245275403330326e+08 7.384187724218409061e+08 7.369566721640751362e+08 7.345138747435390949e+08 7.338556758473427296e+08 7.322882540494062901e+08 7.293496251753647327e+08 7.252895053035213947e+08 7.216396844620678425e+08 7.180780039128620625e+08
2.716478345663780212e+09 2.716478345663780212e+09 2.716322472045822144e+09 2.714738684104082108e+09 2.713266985211105347e+09 2.712093158741325378e+09 2.707498998305707932e+09 2.704728594980690002e+09 2.702801744539804459e+09 2.699956097135662079e+09 2.696366591908718109e+09 2.689070185137926102e+09 2.683748799621248245e+09 2.674864623995203018e+09 2.672469369077741623e+09 2.666765404717992783e+09 2.656079458487432480e+09 2.641300273599021912e+09 2.628016344548410416e+09 2.615059676570714951e+09
4.990834406813235546e+03 4.990834406813235546e+03 4.990551056465577858e+03 4.987688364633104356e+03 4.985030183654256689e+03 4.982920686554840358e+03 4.974686226302619616e+03 4.969749677498803067e+03 4.966264791977802815e+03 4.961125874844357895e+03 4.954603612357030215e+03 4.941444298641385103e+03 4.931863900439791905e+03 4.915775033546589839e+03 4.911456158856723050e+03 4.901185660425202514e+03 4.881829444364622759e+03 4.855236567073945480e+03 4.831267028693902830e+03 4.807825090400619956e+03
1.410497238058267976e+04 1.410497238058267976e+04 1.410416568282965454e+04 1.409604908924337360e+04 1.408851761299950886e+04 1.408255761931065354e+04 1.405929516820234130e+04 1.404537385279612499e+04 1.403548008191210101e+04 1.402091717055553454e+04 1.400237451453480753e+04 1.396507629342956352e+04 1.393790625071033719e+04 1.389218453673503245e+04 1.387992481559675070e+04 1.385080386429509963e+04 1.379581521234355750e+04 1.372041368081836845e+04 1.365234102302204701e+04 1.358572897131295758e+04
1.546598991361283464e+06 1.546598991361283464e+06 1.546510089636781020e+06 1.545607174012136413e+06 1.544769291338652140e+06 1.544101034111745423e+06 1.541483658685657894e+06 1.539903382311025402e+06 1.538805419721360086e+06 1.537183231629648013e+06 1.535140391115586041e+06 1.530985174351460068e+06 1.527952549327049172e+06 1.522892426175206667e+06 1.521527839585890761e+06 1.518277599314071937e+06 1.512187570436751237e+06 1.503765587924581720e+06 1.496197618328502169e+06 1.488819725017094752e+06
1.730336729689675849e+03 1.730336729689675849e+03 1.730232304287084844e+03 1.729166089377424214e+03 1.728169127999281045e+03 1.727384737730899360e+03 1.724447730761661660e+03 1.722769177681242581e+03 1.721492934826586861e+03 1.719581924274971243e+03 1.717116390529845376e+03 1.712345265784591902e+03 1.708976791354420129e+03 1.703103811130102258e+03 1.701578373941767495e+03 1.697940529593091924e+03 1.690826616171107162e+03 1.681555492466839496e+03 1.673163768730417360e+03 1.664719302226847503e+03
2.725153296850585938e+07 2.725153296850585938e+07 2.725060282576751709e+07 2.724088663481140137e+07 2.723118390718841553e+07 2.722352497490692139e+07 2.719518322771453857e+07 2.717995941507720947e+07 2.716805869374847412e+07 2.715075994757843018e+07 2.712649191886138916e+07 2.708000325541687012e+07 2.704867200228881836e+07 2.699287168919372559e+07 2.697851771162414551e+07 2.694477773933410645e+07 2.687920942491149902e+07 2.679103068999481201e+07 2.671017420804595947e+07 2.662841704144287109e+07
2.467021324018135071e+08 2.467021324018135071e+08 2.466865679444274902e+08 2.465260800597953796e+08 2.463723249509544373e+08 2.462519570898895264e+08 2.458162520610122681e+08 2.455818069816398621e+08 2.453896556357421875e+08 2.451029829079895020e+08 2.447188123968620300e+08 2.440016619279136658e+08 2.435085770624694824e+08 2.426210059090805054e+08 2.423953663698768616e+08 2.418599535083885193e+08 2.407921986600875854e+08 2.394427370207633972e+08 2.382085115872459412e+08 2.369373475622901917e+08
1.064399530438099056e+06 1.064399530438099056e+06 1.064398177648220211e+06 1.064391476911697537e+06 1.064379641578827053e+06 1.064354843445453793e+06 1.064037164655003697e+06 1.063749902480755001e+06 1.063704732910308987e+06 1.063682640600834042e+06 1.063679357634220272e+06 1.063310949331019074e+06 1.062984918218467385e+06 1.062720737678799778e+06 1.062575150448117405e+06 1.062246926080856472e+06 1.062051136180076748e+06 1.060854384267542511e+06 1.059816244216475636e+06 1.059210224453184754e+06
4.587316411695718765e+06 4.587316411695718765e+06 4.587072797803997993e+06 4.584568423401832581e+06 4.582176085106372833e+06 4.580287027797460556e+06 4.573211908497333527e+06 4.569173502664566040e+06 4.566142131593465805e+06 4.561661303757071495e+06 4.555728886586785316e+06 4.544223689949512482e+06 4.536174922954082489e+06 4.522139963514804840e+06 4.518488104606032372e+06 4.509819982684850693e+06 4.493017200665473938e+06 4.470754073189139366e+06 4.450569465444922447e+06 4.430222206490039825e+06
2.119065919667649269e+07 2.119065919667649269e+07 2.118928457543158531e+07 2.117524852798628807e+07 2.116212645447516441e+07 2.115180428657174110e+07 2.111343739586567879e+07 2.109164659338879585e+07 2.107484721930909157e+07 2.104965806412243843e+07 2.101717911105179787e+07 2.095468190696930885e+07 2.091046497043919563e+07 2.083313594905591011e+07 2.081306253163504601e+07 2.076520981969189644e+07 2.067146454917025566e+07 2.055005051344037056e+07 2.044009910791993141e+07 2.032910725243544579e+07
3.902331046780029297e+09 3.902331046780029297e+09 3.902089583615844727e+09 3.899618845878662109e+09 3.897296625184204102e+09 3.895472471513061523e+09 3.888811288775512695e+09 3.885080987417236328e+09 3.882124851901611328e+09 3.877697911099121094e+09 3.871934562046875000e+09 3.861011684364379883e+09 3.853308975215576172e+09 3.839699658445190430e+09 3.836188293907592773e+09 3.827841393552246094e+09 3.811352979631591797e+09 3.790304400583007812e+09 3.771209408750976562e+09 3.751736997768432617e+09
8.521760738156590378e+02 8.521760738156590378e+02 8.521271120827441337e+02 8.516242226441099774e+02 8.511469769072573399e+02 8.507725975227513118e+02 8.494181614215485752e+02 8.486724202243494801e+02 8.480702056577574695e+02 8.471712598131707637e+02 8.459830580176640069e+02 8.437542129559005843e+02 8.421980893462023232e+02 8.394224112343799789e+02 8.387112593365600333e+02 8.370247264885256300e+02 8.336731478535657516e+02 8.294251595085806912e+02 8.255598587074491661e+02 8.215890937835647492e+02
1.944128347415059466e-01 1.944128347415059466e-01 1.943990958412342707e-01 1.942599716384023623e-01 1.941344397354711759e-01 1.940373596330573491e-01 1.936993045248129874e-01 1.935183749207496362e-01 1.933571214170939356e-01 1.931079605121226450e-01 1.927958398048730260e-01 1.922324535913730870e-01 1.918321820817823209e-01 1.911022648648383893e-01 1.909191141600885544e-01 1.904810462496513424e-01 1.895699300299362733e-01 1.885026789033474870e-01 1.875340905780724654e-01 1.865212025530063045e-01
7.993615112359402701e+02 7.993615112359402701e+02 7.993105292834225111e+02 7.987884100223309360e+02 7.982963046134973411e+02 7.979096071932581253e+02 7.964879266284406185e+02 7.956920422273688018e+02 7.950665353282529395e+02 7.941302096141735092e+02 7.929081928218947724e+02 7.905806491172697861e+02 7.889458012003451586e+02 7.860614693610841641e+02 7.853169969453156227e+02 7.835455536986119114e+02 7.800574753891705768e+02 7.755741565493226517e+02 7.715040365323657170e+02 7.673664808652683860e+02
6.994548245164878608e+00 6.994548245164878608e+00 6.994099834056669351e+00 6.989528908470447277e+00 6.985302873685668601e+00 6.982009445824360228e+00 6.970329176818268024e+00 6.963957099709887189e+00 6.958571221112833882e+00 6.950397349459535690e+00 6.939894519345443769e+00 6.920560604779439018e+00 6.906902601439924183e+00 6.882313958280292354e+00 6.876067136171513994e+00 6.861202544013622173e+00 6.831022724253216438e+00 6.794211923458533420e+00 6.760783871499143061e+00 6.726150824255910265e+00
4.448394026696478250e+02 4.448394026696478250e+02 4.448116970914707053e+02 4.445288034124241676e+02 4.442650456404953729e+02 4.440583931089495309e+02 4.433065291835082462e+02 4.428876927879755385e+02 4.425511933792586206e+02 4.420446108374308096e+02 4.413903945334022865e+02 4.401570106893923366e+02 4.392860071967297699e+02 4.377421584916737629e+02 4.373453104251384502e+02 4.364007713870087173e+02 4.345209644708229462e+02 4.321482266571110813e+02 4.299957433190138545e+02 4.277971280171623221e+02
2.090546196515206248e+02 2.090546196515206248e+02 2.090411911158807925e+02 2.089043584095052211e+02 2.087782812319637742e+02 2.086803904622502159e+02 2.083408839555268059e+02 2.081594727971387329e+02 2.079991749582841294e+02 2.077546902019021218e+02 2.074406219567827065e+02 2.068739410347843659e+02 2.064739578719454585e+02 2.057441168158111395e+02 2.055604267158923903e+02 2.051237212858177372e+02 2.042235340040351730e+02 2.031545855252625188e+02 2.021824345440691104e+02 2.011625088362416136e+02
1.657627004697694417e+00 1.657627004697694417e+00 1.657535824797257362e+00 1.656607657689043833e+00 1.655743337277719718e+00 1.655061157769175395e+00 1.652459291453105550e+00 1.650944264952265428e+00 1.649830094541464121e+00 1.648162921128623282e+00 1.646031391996238824e+00 1.641832023159047083e+00 1.638846810245517815e+00 1.633710926097869276e+00 1.632363983190536771e+00 1.629145419474234302e+00 1.622924233731843913e+00 1.614662308819099223e+00 1.607200298600893973e+00 1.599776194046221178e+00
8.874509373720371741e-01 8.874509373720371741e-01 8.873962681707467937e-01 8.868397919582236000e-01 8.863240683497366490e-01 8.859191199438924968e-01 8.844034724254896673e-01 8.835401756161189724e-01 8.828775387045055822e-01 8.818781739819741006e-01 8.806026963595030566e-01 8.781390016254562170e-01 8.763951126999955932e-01 8.733505798486334015e-01 8.725612724375224616e-01 8.706737464079736810e-01 8.669652111271233252e-01 8.621711656609107877e-01 8.578325177039829441e-01 8.534690712432819737e-01
3.024165596135048872e-01 3.024165596135048872e-01 3.023959243138847341e-01 3.021854842175883959e-01 3.019904713214600633e-01 3.018383283243792903e-01 3.012864862343036521e-01 3.009833619396431459e-01 3.007348809441481308e-01 3.003575138508836062e-01 2.998728609606473583e-01 2.989651576779550624e-01 2.983280438893700648e-01 2.971899538110136518e-01 2.968998405163461030e-01 2.962068699288806783e-01 2.948141711544565169e-01 2.930806745858092199e-01 2.915058489145110343e-01 2.898924607453636781e-01
