2.896295863254508972e+08 2.896295863254508972e+08 2.895967430612144470e+08 2.894457406511802673e+08 2.892967923726615906e+08 2.891713960803031921e+08 2.887857591502037048e+08 2.884150352793617249e+08 2.881963976407203674e+08 2.878524211827125549e+08 2.876067099979286194e+08 2.868210971017875671e+08 2.861567938497276306e+08 2.851368356490135193e+08 2.849314200405540466e+08 2.842108950515708923e+08 2.828229564928855896e+08 2.810175098241691589e+08 2.793792784563789368e+08 2.779083790523185730e+08
5.262762623448181152e+08 5.262762623448181152e+08 5.262157410995788574e+08 5.259414547162475586e+08 5.256835198228759766e+08 5.254621155525207520e+08 5.247671333156127930e+08 5.241001287291870117e+08 5.237139701422576904e+08 5.231157218647003174e+08 5.226860506826324463e+08 5.212709632945709229e+08 5.200423023239593506e+08 5.182176595602416992e+08 5.178522330938415527e+08 5.165266832413177490e+08 5.140420340684967041e+08 5.107274305189361572e+08 5.076837522994384766e+08 5.049958850402526855e+08
1.340598061297801905e+03 1.340598061297801905e+03 1.340446047154968255e+03 1.339747123754190397e+03 1.339057667156055686e+03 1.338477242672073771e+03 1.336692290154358489e+03 1.334976364361893502e+03 1.333964356431577471e+03 1.332372155096803908e+03 1.331234811533722677e+03 1.327598544416032382e+03 1.324523880923996330e+03 1.319802870722443913e+03 1.318852073078640387e+03 1.315517170228078612e+03 1.309092921262388700e+03 1.300736497864781995e+03 1.293154162897160859e+03 1.286346123834562604e+03
2.387909909270732896e+03 2.387909909270732896e+03 2.387635270825732732e+03 2.386390722673531855e+03 2.385220793055166723e+03 2.384216406914201798e+03 2.381063171760790283e+03 2.378036910074908519e+03 2.376285119752312312e+03 2.373571520835888805e+03 2.371622490790585289e+03 2.365202052523411112e+03 2.359626359697576845e+03 2.351348152829130413e+03 2.349690321259462507e+03 2.343675179107842268e+03 2.332402535439148778e+03 2.317361606461025076e+03 2.303548858900001505e+03 2.291352344236947829e+03
2.059540141440641880e+07 2.059540141440641880e+07 2.059330083582651615e+07 2.058358336875498295e+07 2.057370774002563953e+07 2.056550285285484791e+07 2.054034699562942982e+07 2.051585435469257832e+07 2.050130178943693638e+07 2.047860340859186649e+07 2.046251023798811436e+07 2.041074005813658237e+07 2.036729061918890476e+07 2.030043277623331547e+07 2.028679994886267185e+07 2.023934678029978275e+07 2.014846686274826527e+07 2.003012054896032810e+07 1.992253826753199100e+07 1.982610075786268711e+07
1.897273425886936188e+08 1.897273425886936188e+08 1.897079918032932281e+08 1.896184733143558502e+08 1.895274978202381134e+08 1.894519134010410309e+08 1.892201745828418732e+08 1.889945453935756683e+08 1.888604853912868500e+08 1.886513851439495087e+08 1.885031328975505829e+08 1.880262197009181976e+08 1.876259581820240021e+08 1.870100555959453583e+08 1.868844683307590485e+08 1.864473239672527313e+08 1.856101271065120697e+08 1.845199064624614716e+08 1.835288453951396942e+08 1.826404513210659027e+08
7.459537948292429447e+08 7.459537948292429447e+08 7.458832474927771091e+08 7.455568082358076572e+08 7.452188293682453632e+08 7.449398891043274403e+08 7.440711054374268055e+08 7.432056499747993946e+08 7.427009423910124302e+08 7.419290920839664936e+08 7.413882929075424671e+08 7.395726811347029209e+08 7.380267359548294544e+08 7.357262594649937153e+08 7.352472788916990757e+08 7.335589359864504337e+08 7.304357339838211536e+08 7.262456196622765064e+08 7.223754519666950703e+08 7.189914341199123859e+08
2.716478345663780212e+09 2.716478345663780212e+09 2.716221987551990509e+09 2.715035619435979843e+09 2.713806316078254700e+09 2.712792050901720047e+09 2.709631913887588501e+09 2.706481874957004547e+09 2.704645393370620728e+09 2.701838555887023926e+09 2.699872629818429947e+09 2.693265262176010132e+09 2.687638143989500046e+09 2.679270774274953842e+09 2.677527581144706726e+09 2.671381612678394318e+09 2.660022238574531555e+09 2.644771862891057968e+09 2.630680533288167953e+09 2.618366492725133896e+09
4.990834406813235546e+03 4.990834406813235546e+03 4.990366350463453273e+03 4.988199609911163861e+03 4.985978337609536538e+03 4.984152723028419132e+03 4.978473600157980400e+03 4.972821543214588019e+03 4.969532416826557892e+03 4.964458019427467661e+03 4.960890800136003236e+03 4.949005994914543408e+03 4.938900099366415816e+03 4.923764902365604939e+03 4.920623134605564701e+03 4.909572031671043078e+03 4.889006657702011580e+03 4.861554250860564935e+03 4.836241635861319082e+03 4.813998380256678502e+03
1.410497238058267976e+04 1.410497238058267976e+04 1.410363798383829999e+04 1.409745742055444862e+04 1.409115276925984654e+04 1.408598957150263595e+04 1.406993610523940879e+04 1.405394335772303748e+04 1.404465448902078788e+04 1.403025485524183023e+04 1.402011743075001868e+04 1.398645822449235129e+04 1.395784063900911133e+04 1.391485311575696687e+04 1.390593728887449834e+04 1.387460211150671239e+04 1.381616598877447541e+04 1.373833329770129058e+04 1.366660257457543048e+04 1.360340743833591114e+04
1.546598991361283464e+06 1.546598991361283464e+06 1.546453251344965538e+06 1.545778361507446272e+06 1.545077424309036462e+06 1.544499576716925716e+06 1.542699452650014078e+06 1.540903706708749523e+06 1.539856951488980791e+06 1.538257020933410851e+06 1.537136995842864504e+06 1.533370664075550390e+06 1.530165278184601804e+06 1.525398668062284356e+06 1.524404761301485589e+06 1.520903759673570050e+06 1.514432972970134346e+06 1.505744516696306644e+06 1.497715125186160905e+06 1.490701104100141441e+06
1.730336729689675849e+03 1.730336729689675849e+03 1.730158471324772108e+03 1.729339561665838119e+03 1.728532331808062736e+03 1.727853693435143214e+03 1.725779384879569989e+03 1.723790286442788783e+03 1.722609339089773130e+03 1.720744682722899597e+03 1.719410820555698592e+03 1.715187836739176419e+03 1.711644990066357423e+03 1.706145397867250722e+03 1.705040631236799527e+03 1.701194678597908933e+03 1.693713867164507974e+03 1.684059847577998880e+03 1.675334662172768731e+03 1.667448688481410500e+03
2.725153296850585938e+07 2.725153296850585938e+07 2.724968832761383057e+07 2.724144217307281494e+07 2.723413557322692871e+07 2.722773943782043457e+07 2.720750742171478271e+07 2.718915205551147461e+07 2.717849926756286621e+07 2.716140828172302246e+07 2.714891461608123779e+07 2.710976505981445312e+07 2.707561401047515869e+07 2.702368627069854736e+07 2.701367480141448975e+07 2.697732916915893555e+07 2.690642507053375244e+07 2.681400395672607422e+07 2.673054412283325195e+07 2.665546867632293701e+07
2.467021324018135071e+08 2.467021324018135071e+08 2.466737515401000977e+08 2.465450092863769531e+08 2.464252059998550415e+08 2.463221483593750000e+08 2.460106230585403442e+08 2.457207693139839172e+08 2.455482584222488403e+08 2.452687519573631287e+08 2.450654359067344666e+08 2.444499052481689453e+08 2.439294497954635620e+08 2.431034702384910583e+08 2.429427311341896057e+08 2.423813465369911194e+08 2.412560222710075378e+08 2.398392226374549866e+08 2.385785216101608276e+08 2.374105932314262390e+08
1.064399530438099056e+06 1.064399530438099056e+06 1.064401035120163113e+06 1.064401183725509793e+06 1.064369582293186337e+06 1.064355609170112759e+06 1.064213412938449532e+06 1.064012903767440468e+06 1.063926320065055043e+06 1.063877492654357105e+06 1.063871111276183277e+06 1.063471262655947357e+06 1.063037377241913229e+06 1.062758844806257635e+06 1.062652978939238936e+06 1.062209935204569250e+06 1.061839344861630350e+06 1.060762562689784914e+06 1.059477883463654667e+06 1.058798170424971730e+06
4.587316411695718765e+06 4.587316411695718765e+06 4.586880991184830666e+06 4.584898349461555481e+06 4.582998882052302361e+06 4.581384129289627075e+06 4.576402545037746429e+06 4.571653607062697411e+06 4.568875826800823212e+06 4.564475288467526436e+06 4.561314450320243835e+06 4.551231861026167870e+06 4.542673762991309166e+06 4.529554001065015793e+06 4.526931715318799019e+06 4.517715107951045036e+06 4.499858747994542122e+06 4.476598259012103081e+06 4.455495143949270248e+06 4.436556944087862968e+06
2.119065919667649269e+07 2.119065919667649269e+07 2.118831175211501122e+07 2.117752740887188911e+07 2.116690736715626717e+07 2.115797851650834084e+07 2.113080311592030525e+07 2.110475060922074318e+07 2.108918849352526665e+07 2.106463692028021812e+07 2.104706121796870232e+07 2.099182689499306679e+07 2.094539859239935875e+07 2.087300898591828346e+07 2.085849591814494133e+07 2.080791298056530952e+07 2.070944533817362785e+07 2.058298484976029396e+07 2.046901906305193901e+07 2.036535033894324303e+07
3.902331046780029297e+09 3.902331046780029297e+09 3.901912425172973633e+09 3.899994879349975586e+09 3.898132173103393555e+09 3.896557901617431641e+09 3.891810818831909180e+09 3.887282275641845703e+09 3.884577903382324219e+09 3.880261184929809570e+09 3.877157985240356445e+09 3.867574681497558594e+09 3.859499616312011719e+09 3.846781676011474609e+09 3.844249792815917969e+09 3.835464847505371094e+09 3.818161475301269531e+09 3.796166239536376953e+09 3.776473475014404297e+09 3.758353517855102539e+09
8.521760738156590378e+02 8.521760738156590378e+02 8.520890335984004196e+02 8.516922791567631066e+02 8.513147891028202139e+02 8.509930243513808819e+02 8.500242692818428623e+02 8.491096727249241667e+02 8.485660922557144659e+02 8.476885218309471384e+02 8.470542026828770759e+02 8.451186476745933760e+02 8.434832346363400575e+02 8.408946681832458125e+02 8.403843273634556681e+02 8.386145236468000803e+02 8.350907649516884703e+02 8.306370654984057182e+02 8.266648108568770112e+02 8.229912172347103478e+02
1.944128347415059466e-01 1.944128347415059466e-01 1.943907331409420181e-01 1.942879642384554018e-01 1.941849278363321218e-01 1.940988535343706189e-01 1.938497102285197116e-01 1.936146090229868832e-01 1.934688532200468103e-01 1.932298373148384485e-01 1.930575204111590892e-01 1.925609542006014863e-01 1.921547553900424532e-01 1.914727230740815855e-01 1.913384860709719248e-01 1.908910769597973456e-01 1.899635038383564734e-01 1.888472064106352377e-01 1.878778692864777611e-01 1.869393710635733896e-01
7.993615112359402701e+02 7.993615112359402701e+02 7.992725739652814809e+02 7.988656691148644313e+02 7.984720429605804384e+02 7.981388607186963782e+02 7.971277143557963427e+02 7.961663746966514736e+02 7.955918698574823793e+02 7.946791709242097568e+02 7.940225222447770648e+02 7.919828991213289555e+02 7.902634518589475192e+02 7.875679897060035728e+02 7.870322744386794511e+02 7.851625155386282131e+02 7.814942393719393294e+02 7.768120180708501721e+02 7.726104599553218577e+02 7.687617124037496978e+02
6.994548245164878608e+00 6.994548245164878608e+00 6.993792139548986597e+00 6.990310073476621255e+00 6.986898160114151324e+00 6.984022241960929023e+00 6.975551435607258099e+00 6.967525261467926612e+00 6.962660212883747590e+00 6.954744774042183053e+00 6.949038366632294128e+00 6.932096866117944955e+00 6.917991909070678958e+00 6.895033680247706798e+00 6.890501224773970534e+00 6.875102381417264041e+00 6.843879590647929945e+00 6.805328212376934971e+00 6.771372557290987970e+00 6.739262362126964945e+00
4.448394026696478250e+02 4.448394026696478250e+02 4.447921164129656972e+02 4.445748679174575955e+02 4.443621448235935532e+02 4.441828384094551438e+02 4.436448291545821121e+02 4.431322897235222626e+02 4.428247994074627059e+02 4.423321078529988881e+02 4.419780797858838923e+02 4.408940506608050782e+02 4.399853016324050259e+02 4.385421253080712631e+02 4.382550452083087293e+02 4.372652106053283205e+02 4.353022031527070794e+02 4.328238932477543131e+02 4.306127417459065327e+02 4.285672783220361453e+02
2.090546196515206248e+02 2.090546196515206248e+02 2.090320310359456926e+02 2.089279513010405935e+02 2.088263953573696199e+02 2.087406560465315124e+02 2.084916948362224502e+02 2.082571510265697725e+02 2.081138356798837776e+02 2.078777587507938733e+02 2.077069651221172535e+02 2.072127773692118353e+02 2.068027160479323356e+02 2.061221462517714826e+02 2.059887908834934933e+02 2.055402395497949328e+02 2.046145983936512494e+02 2.034920873543305788e+02 2.025142867743998067e+02 2.015718719333381159e+02
1.657627004697694417e+00 1.657627004697694417e+00 1.657473660495604406e+00 1.656767090184864344e+00 1.656059943980373816e+00 1.655469505872922298e+00 1.653646647557984295e+00 1.651883051051065365e+00 1.650838959944103124e+00 1.649210985029235133e+00 1.648052388015734948e+00 1.644304721897292154e+00 1.641159075181853666e+00 1.636339933745823316e+00 1.635361379844589180e+00 1.631938899334265614e+00 1.625382287185281882e+00 1.616809463458245943e+00 1.609001559750531385e+00 1.602035047608460161e+00
8.874509373720371741e-01 8.874509373720371741e-01 8.873592971708745836e-01 8.869367583647687070e-01 8.865161854559033827e-01 8.861641247494986828e-01 8.850901322334578936e-01 8.840612865183885560e-01 8.834442037074694554e-01 8.824732290870116458e-01 8.817789943727376567e-01 8.795916188385461965e-01 8.777651700190887141e-01 8.749121949690987776e-01 8.743391163589677717e-01 8.723467815351995114e-01 8.684654137685896558e-01 8.634813794045186341e-01 8.589870895564644115e-01 8.549078173006563475e-01
3.024165596135048872e-01 3.024165596135048872e-01 3.023816253142399546e-01 3.022208658175742357e-01 3.020635797203397033e-01 3.019309560227583233e-01 3.015335015301729982e-01 3.011586385368474339e-01 3.009306928407937676e-01 3.005658273473841291e-01 3.003028488522545558e-01 2.995062058669191174e-01 2.988435358790439977e-01 2.977799389990281043e-01 2.975700265028251579e-01 2.968462370158988506e-01 2.953992283433137800e-01 2.935888329770932614e-01 2.919812533066306059e-01 2.904833405348767883e-01
