2.896295863254508972e+08 2.896295863254508972e+08 2.896129804217491150e+08 2.895225924182395935e+08 2.894316200822868347e+08 2.892625647454795837e+08 2.888493444382743835e+08 2.884983299077339172e+08 2.882397597891883850e+08 2.877162416407508850e+08 2.873606690783882141e+08 2.866399894685478210e+08 2.860715646221656799e+08 2.850236605584068298e+08 2.847915519304008484e+08 2.841568632877388000e+08 2.827576910722846985e+08 2.809482944919853210e+08 2.791519504868888855e+08 2.774518458306159973e+08
5.262762623448181152e+08 5.262762623448181152e+08 5.262462985450744629e+08 5.260901203895874023e+08 5.259356715242309570e+08 5.256414879804077148e+08 5.248943511291046143e+08 5.242620879239654541e+08 5.238037867449493408e+08 5.228766166549835205e+08 5.222489648163909912e+08 5.209449961118316650e+08 5.199020696012573242e+08 5.180202762179260254e+08 5.175809947409057617e+08 5.164063042919311523e+08 5.138963649436645508e+08 5.105002746402893066e+08 5.071346117239837646e+08 5.040338032989044189e+08
1.340598061297801905e+03 1.340598061297801905e+03 1.340521199306720519e+03 1.340102806061986485e+03 1.339681699086635490e+03 1.338899173309459002e+03 1.336986559351164033e+03 1.335361865687023965e+03 1.334165024809728493e+03 1.331741814277440426e+03 1.330095967078013928e+03 1.326760263188989484e+03 1.324129334482087870e+03 1.319279000295689912e+03 1.318204743679161766e+03 1.315267156794041512e+03 1.308790938234087662e+03 1.300416522203318891e+03 1.292102499002663535e+03 1.284233577244871412e+03
2.387909909270732896e+03 2.387909909270732896e+03 2.387773958101199241e+03 2.387065585256234044e+03 2.386365152965096058e+03 2.385030758858221816e+03 2.381640805938543053e+03 2.378772142326371977e+03 2.376693026198452571e+03 2.372486881274526240e+03 2.369639585210854420e+03 2.363723111148836324e+03 2.358990564893960254e+03 2.350452824313921155e+03 2.348459021929214941e+03 2.343128218360739993e+03 2.331740651704982156e+03 2.316327448460768210e+03 2.301052533073496306e+03 2.286982440234307433e+03
2.059540141440641880e+07 2.059540141440641880e+07 2.059433147493326664e+07 2.058836958638632298e+07 2.058232892606985569e+07 2.057122983834040165e+07 2.054439262315571308e+07 2.052114202294695377e+07 2.050412825576317310e+07 2.046994851296055317e+07 2.044670155541336536e+07 2.039949119606077671e+07 2.036230734928286076e+07 2.029355983050024509e+07 2.027839503864204884e+07 2.023670878289234638e+07 2.014464877676165104e+07 2.002529288144648075e+07 1.990648462531864643e+07 1.979428980026876926e+07
1.897273425886936188e+08 1.897273425886936188e+08 1.897174861760807037e+08 1.896625645331363678e+08 1.896069172349109650e+08 1.895046710878696442e+08 1.892574433959369659e+08 1.890432560364665985e+08 1.888865231425037384e+08 1.885716551919345856e+08 1.883575013896427155e+08 1.879225938141422272e+08 1.875800516926250458e+08 1.869467411827335358e+08 1.868070412749881744e+08 1.864230224138622284e+08 1.855749544331684113e+08 1.844754334013500214e+08 1.833809572884273529e+08 1.823474049062442780e+08
7.459537948292429447e+08 7.459537948292429447e+08 7.459178332183897495e+08 7.457173017579061985e+08 7.455140172626354694e+08 7.451406139456121922e+08 7.442133727904722691e+08 7.433814528042118549e+08 7.427968621313860416e+08 7.416391064350931644e+08 7.408516150586559772e+08 7.392043652586624622e+08 7.378865988740379810e+08 7.355043676618006229e+08 7.349524413235933781e+08 7.334479176183311939e+08 7.302445126048290730e+08 7.258678321954405308e+08 7.215049809013645649e+08 7.175204341231787205e+08
2.716478345663780212e+09 2.716478345663780212e+09 2.716347641581310272e+09 2.715618614456481934e+09 2.714879483889102936e+09 2.713522024270755768e+09 2.710149242523939133e+09 2.707120296497913361e+09 2.704993976172155380e+09 2.700784697791151047e+09 2.697921535416160583e+09 2.691928132280508041e+09 2.687131884729646683e+09 2.678465735787849426e+09 2.676455893454488754e+09 2.670977634968870163e+09 2.659322631510465622e+09 2.643380014814151764e+09 2.627487000328939438e+09 2.612982938256246567e+09
4.990834406813235546e+03 4.990834406813235546e+03 4.990595916555939766e+03 4.989269449302089924e+03 4.987930580468477274e+03 4.985470392734023335e+03 4.979414674252599070e+03 4.973999652068458090e+03 4.970151793787350471e+03 4.962516850920721481e+03 4.957324081146020035e+03 4.946532765963907877e+03 4.937924021541584807e+03 4.922269223352639528e+03 4.918660752386298554e+03 4.908817531429209339e+03 4.887757448816999386e+03 4.859174311487389787e+03 4.830702637855465582e+03 4.804497713496304641e+03
1.410497238058267976e+04 1.410497238058267976e+04 1.410429236975379172e+04 1.410051489709035377e+04 1.409671241309653851e+04 1.408972572685938212e+04 1.407262178513847175e+04 1.405732454775177757e+04 1.404639047095595743e+04 1.402468881839766982e+04 1.400992904925902258e+04 1.397935586192129995e+04 1.395499971864346298e+04 1.391055413340960513e+04 1.390032387214011396e+04 1.387241730517192627e+04 1.381260227920950274e+04 1.373159441496033105e+04 1.365092770529209520e+04 1.357640330593378167e+04
1.546598991361283464e+06 1.546598991361283464e+06 1.546524607950724429e+06 1.546109136186377844e+06 1.545687610508914804e+06 1.544914124297630740e+06 1.542992953732643975e+06 1.541265784755703760e+06 1.540054241332871607e+06 1.537656668791323667e+06 1.536025629496109439e+06 1.532610792922387598e+06 1.529877942705301335e+06 1.524940783403920708e+06 1.523796001049720449e+06 1.520673807583981892e+06 1.514032199569121702e+06 1.504946659076270415e+06 1.495888512078263564e+06 1.487622783525578445e+06
1.730336729689675849e+03 1.730336729689675849e+03 1.730246925238228869e+03 1.729754075227130670e+03 1.729258520095667336e+03 1.728339182720112149e+03 1.726124393668666016e+03 1.724252146914077457e+03 1.722855501531797927e+03 1.720020631522347685e+03 1.718094755001307931e+03 1.714222139071265701e+03 1.711187266898516100e+03 1.705546206432802137e+03 1.704314373016648460e+03 1.700940610543184448e+03 1.693410197704622988e+03 1.683818369515880477e+03 1.674294365744281095e+03 1.665187636330083478e+03
2.725153296850585938e+07 2.725153296850585938e+07 2.725064357031250000e+07 2.724607456923675537e+07 2.724163917709350586e+07 2.723306712912750244e+07 2.721170477617645264e+07 2.719450868134307861e+07 2.718151306068420410e+07 2.715462403467559814e+07 2.713646186713409424e+07 2.709984011738586426e+07 2.707074645510101318e+07 2.701753216431427002e+07 2.700553253744506836e+07 2.697372840354919434e+07 2.690366564789581299e+07 2.681211067314147949e+07 2.672269966786956787e+07 2.663768023560333252e+07
2.467021324018135071e+08 2.467021324018135071e+08 2.466881186419754028e+08 2.466133990565605164e+08 2.465393841305084229e+08 2.463994635369949341e+08 2.460650894123115540e+08 2.457954692767105103e+08 2.455862510136642456e+08 2.451534593613395691e+08 2.448601164363594055e+08 2.442848871859703064e+08 2.438387606885261536e+08 2.429953786439437866e+08 2.428160778071975708e+08 2.423276776175193787e+08 2.412117071672439575e+08 2.398476567643280029e+08 2.385008234319648743e+08 2.371779118545570374e+08
1.064399530438099056e+06 1.064399530438099056e+06 1.064399493485126644e+06 1.064396386043701321e+06 1.064392482570800930e+06 1.064387032650146633e+06 1.064220728672239929e+06 1.063959240568373352e+06 1.063893633854601532e+06 1.063846563884947449e+06 1.063813667783711106e+06 1.063494453748438507e+06 1.063130113029930741e+06 1.062788044710669667e+06 1.062586298121843487e+06 1.062107531766388565e+06 1.061591463661912829e+06 1.059849956231836230e+06 1.058096524921480566e+06 1.057065278527799994e+06
4.587316411695718765e+06 4.587316411695718765e+06 4.587100120518326759e+06 4.585936728416800499e+06 4.584778965051412582e+06 4.582602947645425797e+06 4.577297186358094215e+06 4.572840618223309517e+06 4.569525135010242462e+06 4.562767570957660675e+06 4.558184629528522491e+06 4.548900356909990311e+06 4.541585780496716499e+06 4.528110023914337158e+06 4.525099506313085556e+06 4.516957777700185776e+06 4.498993758217692375e+06 4.475759125631213188e+06 4.452743253321290016e+06 4.430901656021237373e+06
2.119065919667649269e+07 2.119065919667649269e+07 2.118947679135584831e+07 2.118298850696921349e+07 2.117646475270819664e+07 2.116436180611491203e+07 2.113538795234656334e+07 2.111090561998963356e+07 2.109251583126902580e+07 2.105519210850739479e+07 2.102984079995512962e+07 2.097908434189581871e+07 2.093941913560700417e+07 2.086521658664011955e+07 2.084910565678572655e+07 2.080502876498150826e+07 2.070611062760567665e+07 2.058092199424338341e+07 2.045647395441031456e+07 2.033704394514966011e+07
3.902331046780029297e+09 3.902331046780029297e+09 3.902121180917236328e+09 3.900977139702270508e+09 3.899830747114013672e+09 3.897694993676391602e+09 3.892653254796875000e+09 3.888429933967163086e+09 3.885202592072387695e+09 3.878612563568725586e+09 3.874138864112182617e+09 3.865275123899536133e+09 3.858392799254882812e+09 3.845372658822875977e+09 3.842570292917968750e+09 3.834943399679321289e+09 3.817638469311889648e+09 3.796114797115478516e+09 3.774707602872802734e+09 3.753934302934570312e+09
8.521760738156590378e+02 8.521760738156590378e+02 8.521327689789322903e+02 8.518992841131257592e+02 8.516666431831545196e+02 8.512300964741589269e+02 8.502013383002049522e+02 8.493523682345257839e+02 8.486965131232136628e+02 8.473475642186094774e+02 8.464325362937233876e+02 8.446312689374899492e+02 8.432358180721639656e+02 8.405884012947644806e+02 8.400209557652851800e+02 8.384825119512242964e+02 8.349733721407101257e+02 8.306545582303660922e+02 8.263705792467662832e+02 8.221807998521253467e+02
1.944128347415059466e-01 1.944128347415059466e-01 1.944014882412403722e-01 1.943375835398910567e-01 1.942724882386173135e-01 1.941536801360896902e-01 1.938919626300759091e-01 1.936761089248477674e-01 1.935013621208199197e-01 1.931412021128053880e-01 1.928960073073895387e-01 1.924339297967136986e-01 1.920864980882441841e-01 1.913939706718537082e-01 1.912585930678858404e-01 1.908823422579288831e-01 1.899672719372063057e-01 1.889363361098084226e-01 1.879066277821586084e-01 1.868432058564053477e-01
7.993615112359402701e+02 7.993615112359402701e+02 7.993170108355989214e+02 7.990750820464454591e+02 7.988329960980336182e+02 7.983812038780015428e+02 7.973038115371600725e+02 7.964047904951439705e+02 7.957210542928078212e+02 7.943257761053682771e+02 7.933788178273534868e+02 7.914953155447437894e+02 7.900280439031485002e+02 7.872687094098073430e+02 7.866728585250093602e+02 7.850488414420397021e+02 7.813795873012131779e+02 7.767850805527559714e+02 7.722216832622943912e+02 7.678105154172662878e+02
6.994548245164878608e+00 6.994548245164878608e+00 6.994165848256670870e+00 6.992055915616901984e+00 6.989928465176944883e+00 6.985995118501250545e+00 6.977060647827556750e+00 6.969652141015103552e+00 6.963799920105884667e+00 6.951763077274563329e+00 6.943581742217702413e+00 6.927814491324397750e+00 6.915784926915875985e+00 6.892371495096085710e+00 6.887558283219732402e+00 6.874379609301513483e+00 6.843399830642056259e+00 6.806800018979629385e+00 6.770334491224957674e+00 6.733787770402841488e+00
4.448394026696478250e+02 4.448394026696478250e+02 4.448155791438766755e+02 4.446848218922677916e+02 4.445533335737563903e+02 4.443094179520121543e+02 4.437386786937422585e+02 4.432609045771678211e+02 4.428938816566660535e+02 4.421438421451312024e+02 4.416343138320371509e+02 4.406314588966633892e+02 4.398557170542917447e+02 4.383795405766577460e+02 4.380660834053996950e+02 4.372094838684133720e+02 4.352489802637428511e+02 4.328396297615690855e+02 4.304431103222741513e+02 4.281002172346197767e+02
2.090546196515206248e+02 2.090546196515206248e+02 2.090431872822737205e+02 2.089800402550390572e+02 2.089163353304611519e+02 2.087986368337587919e+02 2.085373290176285082e+02 2.083227375393398688e+02 2.081490789357485482e+02 2.077898534918713267e+02 2.075456708445199183e+02 2.070829075172878220e+02 2.067337348554428900e+02 2.060413814288840513e+02 2.059025472463399637e+02 2.055225236492115073e+02 2.046095280223744339e+02 2.035653327691907180e+02 2.025235809741352568e+02 2.014575807210494531e+02
1.657627004697694417e+00 1.657627004697694417e+00 1.657549417296301897e+00 1.657120828393424006e+00 1.656688647790467428e+00 1.655890408081511112e+00 1.653938645364227966e+00 1.652266439563099709e+00 1.651043633852900427e+00 1.648580106423132463e+00 1.646905682603168941e+00 1.643491328678514662e+00 1.640794579668515496e+00 1.635842438131980714e+00 1.634744174428583108e+00 1.631725814428129695e+00 1.625086557895137673e+00 1.616443015602378352e+00 1.607855496510573801e+00 1.599759363689763347e+00
8.874509373720371741e-01 8.874509373720371741e-01 8.874045154714309547e-01 8.871477136659819962e-01 8.868885168595994628e-01 8.864101678497178227e-01 8.852627588344290643e-01 8.842932318215588339e-01 8.835675308092021396e-01 8.820969148820694272e-01 8.810972388632620778e-01 8.790950457331376811e-01 8.775294374131732411e-01 8.746069677649614960e-01 8.739771577599668717e-01 8.722414559419036095e-01 8.683388776780560647e-01 8.634086820386386307e-01 8.585104496979027999e-01 8.538042698331054225e-01
3.024165596135048872e-01 3.024165596135048872e-01 3.023989148138497285e-01 3.023017267156262733e-01 3.022038228172903018e-01 3.020226213206314014e-01 3.015998938282820063e-01 3.012507086339297757e-01 3.009796167388572030e-01 3.004244509494071735e-01 3.000471815565504130e-01 2.993108278703289216e-01 2.987435972808327733e-01 2.976585898009602715e-01 2.974333008052809646e-01 2.968129089164506240e-01 2.953736280428955752e-01 2.936346587740246150e-01 2.919074598042357138e-01 2.901996556357744339e-01
