2.896295863254508972e+08 2.896295863254508972e+08 2.896133425344047546e+08 2.895233575174522400e+08 2.893543770000724792e+08 2.892965216676902771e+08 2.889091959599037170e+08 2.886410094242286682e+08 2.884812361693611145e+08 2.881613945690803528e+08 2.879034703227272034e+08 2.872913824736518860e+08 2.865992277837181091e+08 2.856750338167915344e+08 2.854355143356056213e+08 2.847477779021949768e+08 2.834380886188468933e+08 2.818508207887306213e+08 2.803696321548576355e+08 2.789041440837135315e+08
5.262762623448181152e+08 5.262762623448181152e+08 5.262456838081970215e+08 5.260852335137023926e+08 5.257754421778411865e+08 5.256704804341278076e+08 5.249426245948944092e+08 5.244525927588958740e+08 5.241562037343902588e+08 5.235826148777313232e+08 5.231266651513519287e+08 5.220235784496917725e+08 5.207526472968292236e+08 5.190885158584442139e+08 5.186636674198303223e+08 5.174067756211242676e+08 5.150674768629150391e+08 5.121298749405517578e+08 5.093379031423034668e+08 5.066789133443145752e+08
1.340598061297801905e+03 1.340598061297801905e+03 1.340522879425567226e+03 1.340106368452674360e+03 1.339324245384326787e+03 1.339056459787025233e+03 1.337263806238959660e+03 1.336022511915958603e+03 1.335283016000423231e+03 1.333802589319893741e+03 1.332608731811124017e+03 1.329775639971674536e+03 1.326572044193759211e+03 1.322294332093806588e+03 1.321185676933804643e+03 1.318002503290961613e+03 1.311940431633920525e+03 1.304593942870807950e+03 1.297738604146245052e+03 1.290955540638082311e+03
2.387909909270732896e+03 2.387909909270732896e+03 2.387771125972532900e+03 2.387043199556210311e+03 2.385637452637340175e+03 2.385161202094779583e+03 2.381857789390167454e+03 2.379634210942458594e+03 2.378289163656561868e+03 2.375686806223849999e+03 2.373618400703679072e+03 2.368613531418872299e+03 2.362846317596762674e+03 2.355295959663373651e+03 2.353368590123631293e+03 2.347665286899340572e+03 2.337052260927419411e+03 2.323721277834643843e+03 2.311049489582685055e+03 2.298984651741484413e+03
2.059540141440641880e+07 2.059540141440641880e+07 2.059437022823965549e+07 2.058852566928827763e+07 2.057751118956720829e+07 2.057371607005131245e+07 2.054844728453695774e+07 2.053077794264614582e+07 2.052047369359219074e+07 2.049964353807604313e+07 2.048277239258921146e+07 2.044257262476217747e+07 2.039696163245451450e+07 2.033628547996056080e+07 2.032024305332005024e+07 2.027502360152447224e+07 2.018878148281586170e+07 2.008379276414597034e+07 1.998634821359837055e+07 1.989015827361357212e+07
1.897273425886936188e+08 1.897273425886936188e+08 1.897178431763248444e+08 1.896640023880939484e+08 1.895625356606922150e+08 1.895275745578098297e+08 1.892947954312000275e+08 1.891320233032360077e+08 1.890370993072185516e+08 1.888452093797626495e+08 1.886897903342838287e+08 1.883194651806316376e+08 1.878992911682338715e+08 1.873403350670528412e+08 1.871925502797260284e+08 1.867759831868228912e+08 1.859815102927913666e+08 1.850143414390506744e+08 1.841166703824596405e+08 1.832305569495410919e+08
7.459537948292429447e+08 7.459537948292429447e+08 7.459192079360697269e+08 7.457228028942062855e+08 7.453401146381390095e+08 7.452067961563370228e+08 7.442887636522161961e+08 7.436539491587088108e+08 7.432960204410669804e+08 7.425840454177143574e+08 7.420109280193665028e+08 7.405976430175268650e+08 7.389502570520021915e+08 7.368377846942665577e+08 7.362658377860186100e+08 7.346613422988531590e+08 7.316665207111570835e+08 7.278488492463438511e+08 7.242935852555897236e+08 7.209356797463152409e+08
2.716478345663780212e+09 2.716478345663780212e+09 2.716352688408523560e+09 2.715638808028148651e+09 2.714246709011093140e+09 2.713761586491909027e+09 2.710418406709289551e+09 2.708107018117975235e+09 2.706805168661809921e+09 2.704216183175083160e+09 2.702132299928228378e+09 2.696989083567884445e+09 2.690990231034605026e+09 2.683304563151220322e+09 2.681222163914819717e+09 2.675381860166650772e+09 2.664486038966632843e+09 2.650581855617658615e+09 2.637633176840698242e+09 2.625415680288782120e+09
4.990834406813235546e+03 4.990834406813235546e+03 4.990603496395378897e+03 4.989300969310083019e+03 4.986782370442269894e+03 4.985907424737910333e+03 4.979942776192656311e+03 4.975807484624187055e+03 4.973459882617673429e+03 4.968779062341760437e+03 4.965008024420450965e+03 4.955766600816372375e+03 4.945037208353613096e+03 4.931143146975409763e+03 4.927401171423123742e+03 4.916911388609536516e+03 4.897263976848895254e+03 4.872358498807625438e+03 4.849151287079301255e+03 4.827079161854439008e+03
1.410497238058267976e+04 1.410497238058267976e+04 1.410431157463949057e+04 1.410059738336337614e+04 1.409343933094313252e+04 1.409095559580644476e+04 1.407412942226484302e+04 1.406244410170541960e+04 1.405578970482895966e+04 1.404250756423312123e+04 1.403180318275510217e+04 1.400564862314096536e+04 1.397532026076546754e+04 1.393583880487128044e+04 1.392522577733287471e+04 1.389551725908133085e+04 1.383979722947740811e+04 1.376928389854423585e+04 1.370354901058666292e+04 1.364086364028879325e+04
1.546598991361283464e+06 1.546598991361283464e+06 1.546527634407805046e+06 1.546121242690840503e+06 1.545328819680303102e+06 1.545052435060358373e+06 1.543147343352406053e+06 1.541829503645194462e+06 1.541088681399160763e+06 1.539614279696106678e+06 1.538427132229973329e+06 1.535495329335136106e+06 1.532075500886171823e+06 1.527696705245530000e+06 1.526508985113992123e+06 1.523181111451482167e+06 1.516971780729514314e+06 1.509046328098542755e+06 1.501670103541935561e+06 1.494710147596395342e+06
1.730336729689675849e+03 1.730336729689675849e+03 1.730248241169552784e+03 1.729759406748984475e+03 1.728849377583304886e+03 1.728539096873777453e+03 1.726488423594331834e+03 1.725058638116286602e+03 1.724201109677727800e+03 1.722474142187216785e+03 1.721078061664768029e+03 1.717797855041397270e+03 1.714119035479670856e+03 1.709147824052546639e+03 1.707863208269642200e+03 1.704188338450447191e+03 1.697139441813400481e+03 1.688702399072994012e+03 1.680842055943969171e+03 1.672960608934808988e+03
2.725153296850585938e+07 2.725153296850585938e+07 2.725057637886810303e+07 2.724580430736541748e+07 2.723689924701690674e+07 2.723396742575836182e+07 2.721428805718231201e+07 2.720082146780395508e+07 2.719224505558013916e+07 2.717565969537353516e+07 2.716249625409698486e+07 2.713202956455993652e+07 2.709793975357055664e+07 2.705125135487365723e+07 2.703987398561859131e+07 2.700546477924346924e+07 2.693991917229461670e+07 2.686085155564880371e+07 2.678406933481597900e+07 2.670931206747436523e+07
2.467021324018135071e+08 2.467021324018135071e+08 2.466877631952590942e+08 2.466119813586158752e+08 2.464738975180168152e+08 2.464277717867889404e+08 2.461321192522163391e+08 2.459272090159645081e+08 2.457952921312294006e+08 2.455317551457977295e+08 2.453195460141181946e+08 2.448381578482971191e+08 2.443091002975807190e+08 2.435680824308738708e+08 2.433847977068595886e+08 2.428470003023300171e+08 2.418033687791900635e+08 2.406023428003883362e+08 2.394767692891197205e+08 2.383070867172737122e+08
1.064399530438099056e+06 1.064399530438099056e+06 1.064400144838962704e+06 1.064400073212776333e+06 1.064345110644612461e+06 1.064318572745118290e+06 1.063952835974667221e+06 1.063743519910249859e+06 1.063693786928329617e+06 1.063641166021678597e+06 1.063609109842870384e+06 1.063280407133672386e+06 1.062744054313037544e+06 1.062388969478998333e+06 1.062242033801529557e+06 1.061827363506976515e+06 1.061298141282293946e+06 1.059833831714663655e+06 1.058399955528173596e+06 1.057749200782570988e+06
4.587316411695718765e+06 4.587316411695718765e+06 4.587097231756329536e+06 4.585925271704316139e+06 4.583730754865527153e+06 4.582986561451792717e+06 4.578010403990030289e+06 4.574572626196622849e+06 4.572484020165443420e+06 4.568345113715171814e+06 4.565021609481453896e+06 4.557178897272348404e+06 4.548348273458957672e+06 4.536460330040454865e+06 4.533429361188530922e+06 4.524625205607652664e+06 4.507853038433313370e+06 4.487527093769311905e+06 4.468418987553954124e+06 4.449500883245587349e+06
2.119065919667649269e+07 2.119065919667649269e+07 2.118949347107243538e+07 2.118305655779862404e+07 2.117108086726975441e+07 2.116700195615410805e+07 2.114034730949711800e+07 2.112171817477679253e+07 2.111044711207461357e+07 2.108772612732148170e+07 2.106935165663409233e+07 2.102649669831347466e+07 2.097845827338051796e+07 2.091309777362179756e+07 2.089620865954613686e+07 2.084801156237864494e+07 2.075537155242514610e+07 2.064506809329771996e+07 2.054229049588608742e+07 2.043873284714150429e+07
3.902331046780029297e+09 3.902331046780029297e+09 3.902122159035156250e+09 3.900981308540039062e+09 3.898875579568603516e+09 3.898160391914550781e+09 3.893589427730834961e+09 3.890377331736083984e+09 3.888385543348754883e+09 3.884375453106567383e+09 3.881134760578613281e+09 3.873701313808837891e+09 3.865417354890380859e+09 3.853958909200317383e+09 3.851029828470214844e+09 3.842655484500244141e+09 3.826463337883666992e+09 3.807452241737548828e+09 3.789741901173095703e+09 3.771616090661499023e+09
8.521760738156590378e+02 8.521760738156590378e+02 8.521323215988377342e+02 8.518975272826792207e+02 8.514673614645143971e+02 8.513221248717454728e+02 8.504005972445593216e+02 8.497538350078539224e+02 8.493440900076675462e+02 8.485227374437235994e+02 8.478602839302911889e+02 8.463552057718334254e+02 8.446893300438241567e+02 8.423609441648732172e+02 8.417751680721848970e+02 8.400840561763470760e+02 8.368038311684504151e+02 8.329904532648943132e+02 8.294286574732541339e+02 8.257490599445591215e+02
1.944128347415059466e-01 1.944128347415059466e-01 1.944020708412068643e-01 1.943399297397974124e-01 1.942304072370077961e-01 1.941930573361148049e-01 1.939765737306871074e-01 1.938164885268562898e-01 1.937138997239244986e-01 1.934983730187553874e-01 1.933212904148007283e-01 1.929382626066029616e-01 1.925276714962365077e-01 1.919218451816249171e-01 1.917673903778052136e-01 1.913396796672230948e-01 1.904789758476610473e-01 1.895445006233842378e-01 1.886932469996231987e-01 1.877473590769085376e-01
7.993615112359402701e+02 7.993615112359402701e+02 7.993170445299765561e+02 7.990752747615042608e+02 7.986279427730187308e+02 7.984764690932352096e+02 7.974962205248593818e+02 7.968115091293293517e+02 7.963887801224773284e+02 7.955393001993361395e+02 7.948533368133066688e+02 7.932702097184956074e+02 7.915050182311388198e+02 7.890768184805347119e+02 7.884571096149447840e+02 7.866760013043822255e+02 7.832413457879301859e+02 7.791917818524379982e+02 7.754078035990969511e+02 7.715609413853671867e+02
6.994548245164878608e+00 6.994548245164878608e+00 6.994174386856684578e+00 6.992090360015254191e+00 6.988336876841685807e+00 6.987061129421363148e+00 6.979331193296502533e+00 6.973758257108102043e+00 6.970212061540451032e+00 6.962941652904191869e+00 6.957024518990692741e+00 6.943908814549104136e+00 6.929580709113906778e+00 6.909033696149435855e+00 6.903815378673016312e+00 6.889097017726271588e+00 6.860051558105851655e+00 6.827323177911011953e+00 6.797142287244696490e+00 6.764896850956347407e+00
4.448394026696478250e+02 4.448394026696478250e+02 4.448159296951926081e+02 4.446862440056574997e+02 4.444484457794314949e+02 4.443675739385507768e+02 4.438563191663997713e+02 4.434943502147070831e+02 4.432698314486042364e+02 4.428145812734874198e+02 4.424456288873770973e+02 4.416048125168454135e+02 4.406728209077409701e+02 4.393746554675744846e+02 4.390424187656026334e+02 4.380977590837428579e+02 4.362614372449315852e+02 4.341261955148802372e+02 4.321436746741819661e+02 4.300957480869692517e+02
2.090546196515206248e+02 2.090546196515206248e+02 2.090434578367057838e+02 2.089811332842728007e+02 2.088703869748133002e+02 2.088328125912812538e+02 2.086133337740538991e+02 2.084528385959274601e+02 2.083480550150707131e+02 2.081317941191518912e+02 2.079553551278295345e+02 2.075733480928902281e+02 2.071609271366469329e+02 2.065544127235407359e+02 2.064016594037602772e+02 2.059728099575804663e+02 2.051164613173459657e+02 2.041760820068593603e+02 2.033125504655254190e+02 2.023640804132010089e+02
1.657627004697694417e+00 1.657627004697694417e+00 1.657551160296286241e+00 1.657127973391759213e+00 1.656330879485828689e+00 1.656057956983651991e+00 1.654213335077706404e+00 1.652934158975362777e+00 1.652187090865133712e+00 1.650684200248740297e+00 1.649469334434790824e+00 1.646559148719966004e+00 1.643261947317050442e+00 1.638892750886093097e+00 1.637747744786388182e+00 1.634482293074363213e+00 1.628267215644932264e+00 1.620686394851638568e+00 1.613625853342107064e+00 1.606673375008647042e+00
8.874509373720371741e-01 8.874509373720371741e-01 8.874056776715093520e-01 8.871524430670802985e-01 8.866826509614753604e-01 8.865225509594125697e-01 8.854699751527874696e-01 8.847330246443760871e-01 8.842929400403676254e-01 8.833997568265630207e-01 8.826753663123412252e-01 8.809788830874509813e-01 8.790822086678957703e-01 8.765094534272321880e-01 8.758418295162613276e-01 8.739415984914131741e-01 8.702823445285474691e-01 8.659333290834894115e-01 8.618901352538586025e-01 8.578130601903666275e-01
3.024165596135048872e-01 3.024165596135048872e-01 3.023992607138978883e-01 3.023031275158274411e-01 3.021285000191937797e-01 3.020694773202734495e-01 3.016982401269387992e-01 3.014347265314967217e-01 3.012706082347733627e-01 3.009349748412120107e-01 3.006620627462552875e-01 3.000449260570832166e-01 2.993682144685863022e-01 2.984158560863363618e-01 2.981735044903359722e-01 2.974831671030528923e-01 2.961319798277486370e-01 2.945860577550689641e-01 2.931504395810407004e-01 2.916499902096347796e-01
