2.896295863254508972e+08 2.896295863254508972e+08 2.896102673329429626e+08 2.894459366903190613e+08 2.892340619686241150e+08 2.891748408240013123e+08 2.888479253223228455e+08 2.885981078836936951e+08 2.883175017118797302e+08 2.879532224834861755e+08 2.875165456354789734e+08 2.867577207692832947e+08 2.861924230774421692e+08 2.851667647293891907e+08 2.849611324247550964e+08 2.843556634006080627e+08 2.831093405856666565e+08 2.815593731550178528e+08 2.798729325203056335e+08 2.784766001020622253e+08
5.262762623448181152e+08 5.262762623448181152e+08 5.262451620717773438e+08 5.259583691890258789e+08 5.255825839434509277e+08 5.254761382748107910e+08 5.248775808903503418e+08 5.244227930617065430e+08 5.239219579538269043e+08 5.232863849189758301e+08 5.225250379726257324e+08 5.211278893427886963e+08 5.200943830603485107e+08 5.182586818193206787e+08 5.178910045428924561e+08 5.167692075254974365e+08 5.145465411411895752e+08 5.116559484632720947e+08 5.084763693449249268e+08 5.059154760685424805e+08
1.340598061297801905e+03 1.340598061297801905e+03 1.340508628791154479e+03 1.339747975650258013e+03 1.338767271861448535e+03 1.338493159661142272e+03 1.336980044193114736e+03 1.335823760441751801e+03 1.334524931567560998e+03 1.332838759602469509e+03 1.330817469791814801e+03 1.327305293849567533e+03 1.324688829933715169e+03 1.319941443047733628e+03 1.318989651287221932e+03 1.316187305951738381e+03 1.310418523269079742e+03 1.303244756013518781e+03 1.295439484386195545e+03 1.288976618979781051e+03
2.387909909270732896e+03 2.387909909270732896e+03 2.387768929593992652e+03 2.386468029560317518e+03 2.384763245693320641e+03 2.384280296630138764e+03 2.381564229381299810e+03 2.379500634161202470e+03 2.377228440476144897e+03 2.374345468692627037e+03 2.370892004782712320e+03 2.364551925364561612e+03 2.359862246639240766e+03 2.351533836107962998e+03 2.349865727326279739e+03 2.344774918900715420e+03 2.334691153235064121e+03 2.321572766713943565e+03 2.307141722681728425e+03 2.295521049204660812e+03
2.059540141440641880e+07 2.059540141440641880e+07 2.059408635673868656e+07 2.058332028529989719e+07 2.056945372517693043e+07 2.056562926387321949e+07 2.054417528988039494e+07 2.052802391464865208e+07 2.050972962454712391e+07 2.048569754054319859e+07 2.045705827112162113e+07 2.040763936039030552e+07 2.037035448593819141e+07 2.030289849612438679e+07 2.028912972820389271e+07 2.024940788182461262e+07 2.016729004039871693e+07 2.006472687452948093e+07 1.995323813440620899e+07 1.986140128892004490e+07
1.897273425886936188e+08 1.897273425886936188e+08 1.897152281172580719e+08 1.896160497568531036e+08 1.894883093173580170e+08 1.894530779144802094e+08 1.892554412945117950e+08 1.891066528603878021e+08 1.889381236335849762e+08 1.887167371503696442e+08 1.884529087147235870e+08 1.879976556961383820e+08 1.876541828948764801e+08 1.870327701062068939e+08 1.869059305401134491e+08 1.865400080574245453e+08 1.857835285064640045e+08 1.848387041413211823e+08 1.838116562986392975e+08 1.829656441024990082e+08
7.459537948292429447e+08 7.459537948292429447e+08 7.459095455774843693e+08 7.455472166701109409e+08 7.450750670371639729e+08 7.449464409432127476e+08 7.441733663839018345e+08 7.436105790332586765e+08 7.429867048220455647e+08 7.421668984949953556e+08 7.412042789957048893e+08 7.394664566744406223e+08 7.381264420402815342e+08 7.357800487865974903e+08 7.352883822416307926e+08 7.338628102983725071e+08 7.309975110066559315e+08 7.272510111443607807e+08 7.231001777281897068e+08 7.198432664858124256e+08
2.716478345663780212e+09 2.716478345663780212e+09 2.716317411736953735e+09 2.715000218495573044e+09 2.713283411801675797e+09 2.712815903339244843e+09 2.710001103785638809e+09 2.707953779076253891e+09 2.705685230666131973e+09 2.702703801309314728e+09 2.699204380136960983e+09 2.692880773140727997e+09 2.688001691625204086e+09 2.679464992419061661e+09 2.677674757373144150e+09 2.672484604330722809e+09 2.662058998726573944e+09 2.648412493708913803e+09 2.633287147765977859e+09 2.621432319648332596e+09
4.990834406813235546e+03 4.990834406813235546e+03 4.990540332485667022e+03 4.988159674522328714e+03 4.985056234895695525e+03 4.984204955134635384e+03 4.979164712235309707e+03 4.975472172348854656e+03 4.971370777209267544e+03 4.965971442842135730e+03 4.959637001635834167e+03 4.948244375838759879e+03 4.939503100136622379e+03 4.924110471917643736e+03 4.920898150951696152e+03 4.911587732325519028e+03 4.892768411425735394e+03 4.868321579579940590e+03 4.841284146672325733e+03 4.819934430481378513e+03
1.410497238058267976e+04 1.410497238058267976e+04 1.410413154229751672e+04 1.409738372016718495e+04 1.408858024512065458e+04 1.408615611070857267e+04 1.407190290100124548e+04 1.406143792928798939e+04 1.404980125213085557e+04 1.403445839711112785e+04 1.401648659166015568e+04 1.398418518583729747e+04 1.395945279950203258e+04 1.391579665521249990e+04 1.390669412702179397e+04 1.388033174400377902e+04 1.382690131145526539e+04 1.375765728074635263e+04 1.368109764354742947e+04 1.362052319191952120e+04
1.546598991361283464e+06 1.546598991361283464e+06 1.546507061748327455e+06 1.545756561297507724e+06 1.544778666860280326e+06 1.544512580868454417e+06 1.542907886009450769e+06 1.541741517574686324e+06 1.540449449081916129e+06 1.538750040348592913e+06 1.536756131142136408e+06 1.533154535766581772e+06 1.530373020632790169e+06 1.525508326018187916e+06 1.524487427701516775e+06 1.521530293656083522e+06 1.515587698430624558e+06 1.507810738228056347e+06 1.499188413197829155e+06 1.492434400015122956e+06
1.730336729689675849e+03 1.730336729689675849e+03 1.730230856068257708e+03 1.729338233297981787e+03 1.728189463508024346e+03 1.727868692005693447e+03 1.726134031003515702e+03 1.724798979599785525e+03 1.723283145419263747e+03 1.721309396786440630e+03 1.718937988830090035e+03 1.714876022947195452e+03 1.711863726652401965e+03 1.706344698680506554e+03 1.705242400252900552e+03 1.702020159232255537e+03 1.695324257072119508e+03 1.687094060988107231e+03 1.678220687946246471e+03 1.670750392573478166e+03
2.725153296850585938e+07 2.725153296850585938e+07 2.725066675629425049e+07 2.724229227037811279e+07 2.723134853583526611e+07 2.722818556762695312e+07 2.721174063684844971e+07 2.719879956265258789e+07 2.718435142401123047e+07 2.716623938100433350e+07 2.714412393891906738e+07 2.710494324476623535e+07 2.707704250871276855e+07 2.702518565745544434e+07 2.701540567317199707e+07 2.698481486565399170e+07 2.692290809041595459e+07 2.684507770548248291e+07 2.676200693302917480e+07 2.669122784898376465e+07
2.467021324018135071e+08 2.467021324018135071e+08 2.466869146544342041e+08 2.465508194487380981e+08 2.463758485295410156e+08 2.463258585656127930e+08 2.460745373676681519e+08 2.458722672069892883e+08 2.456412490752182007e+08 2.453455897394294739e+08 2.449848566680908203e+08 2.443788880296745300e+08 2.439449678969955444e+08 2.431257787046890259e+08 2.429690925011901855e+08 2.424995526743164062e+08 2.415100597462043762e+08 2.403414976531906128e+08 2.391006997258377075e+08 2.380084317790985107e+08
1.064399530438099056e+06 1.064399530438099056e+06 1.064397592419300228e+06 1.064397281462822109e+06 1.064366940469417721e+06 1.064367691239032894e+06 1.064092638179812580e+06 1.063979798946592957e+06 1.063943301489386708e+06 1.063889657746110111e+06 1.063875655747208744e+06 1.063511828539166600e+06 1.063091498764190823e+06 1.062700218575689942e+06 1.062562905538413674e+06 1.062118613012406975e+06 1.061606063555810601e+06 1.060150382385287434e+06 1.058262952970717102e+06 1.057407391839358956e+06
4.587316411695718765e+06 4.587316411695718765e+06 4.587075476928710938e+06 4.584960193249821663e+06 4.582218210422635078e+06 4.581446356914877892e+06 4.577272023592829704e+06 4.574048927738308907e+06 4.570424940474867821e+06 4.565760762199521065e+06 4.560149458303809166e+06 4.550337258297681808e+06 4.543110214935660362e+06 4.529937043711423874e+06 4.527334213429450989e+06 4.519560347294330597e+06 4.503622714516162872e+06 4.483786061543345451e+06 4.462328599458932877e+06 4.444377436654210091e+06
2.119065919667649269e+07 2.119065919667649269e+07 2.118926501646447182e+07 2.117751770754742622e+07 2.116240431228613853e+07 2.115818177013897896e+07 2.113557952330756187e+07 2.111817556128334999e+07 2.109822957172465324e+07 2.107225847940039635e+07 2.104102139219260216e+07 2.098781182182526588e+07 2.094843816593146324e+07 2.087592688658022881e+07 2.086143565053153038e+07 2.081923300617861748e+07 2.073129542503094673e+07 2.062369038705039024e+07 2.050795138772702217e+07 2.040992893642306328e+07
3.902331046780029297e+09 3.902331046780029297e+09 3.902088055940551758e+09 3.900014378167480469e+09 3.897347781403808594e+09 3.896598646364868164e+09 3.892702189138061523e+09 3.889668954357666016e+09 3.886149305720458984e+09 3.881583947279785156e+09 3.876071299667480469e+09 3.866776971295776367e+09 3.859962663781494141e+09 3.847258839404174805e+09 3.844754369750610352e+09 3.837430696793212891e+09 3.822054237787597656e+09 3.803576606136962891e+09 3.783788779362915039e+09 3.766745507350341797e+09
8.521760738156590378e+02 8.521760738156590378e+02 8.521274892023211578e+02 8.517032594536722172e+02 8.511576128220622195e+02 8.510030835222569294e+02 8.502162668704841053e+02 8.495944946481031366e+02 8.488740910934575368e+02 8.479458070844993927e+02 8.468196703656140016e+02 8.449272847334068501e+02 8.435552466057852143e+02 8.409761664460820612e+02 8.404762990079325391e+02 8.389969255105679622e+02 8.358810125959280413e+02 8.321826053664844949e+02 8.282364386942354031e+02 8.247934143829625100e+02
1.944128347415059466e-01 1.944128347415059466e-01 1.943984775412559429e-01 1.942833462387980603e-01 1.941386138354488367e-01 1.940980415345023857e-01 1.939048770293183566e-01 1.937499699258040664e-01 1.935596417213574227e-01 1.933081348158296464e-01 1.930013571092459301e-01 1.925279510977730979e-01 1.921851990890033335e-01 1.915102405724198320e-01 1.913795399694748767e-01 1.910138107599266277e-01 1.901969184401295365e-01 1.893021688166101058e-01 1.883723080897610203e-01 1.875035903679176386e-01
7.993615112359402701e+02 7.993615112359402701e+02 7.993103711960429791e+02 7.988716656827018596e+02 7.983070448841026518e+02 7.981482287418912165e+02 7.973167374713520985e+02 7.966693920767283998e+02 7.959240282636892516e+02 7.949587024242209736e+02 7.937924681660952047e+02 7.918148809958656784e+02 7.903662402032059617e+02 7.876749738676298875e+02 7.871437061800679658e+02 7.855852307422610465e+02 7.823282214705250226e+02 7.783810993207735009e+02 7.741548441502091009e+02 7.705294152390270028e+02
6.994548245164878608e+00 6.994548245164878608e+00 6.994090675556890346e+00 6.990273201583931950e+00 6.985417055992456881e+00 6.984050731564821035e+00 6.977305213166573594e+00 6.971957260969475101e+00 6.965558967748393115e+00 6.957204291798007034e+00 6.947056810402045812e+00 6.930688692796820760e+00 6.918802586796800824e+00 6.895977878793928539e+00 6.891547226421607775e+00 6.878806734512181720e+00 6.851208923935246276e+00 6.819672533444872897e+00 6.786376763289581504e+00 6.756456136495444298e+00
4.448394026696478250e+02 4.448394026696478250e+02 4.448113041647447972e+02 4.445745138708880404e+02 4.442712341344740707e+02 4.441861410310229985e+02 4.437470447943778709e+02 4.434042877182073426e+02 4.430042916521633742e+02 4.424834996655845316e+02 4.418541925122262910e+02 4.408065883959206985e+02 4.400386111925909063e+02 4.385976649289950728e+02 4.383140733106556581e+02 4.374904391202289844e+02 4.357458922436489956e+02 4.336742977752728621e+02 4.314627821636240697e+02 4.295417310671618907e+02
2.090546196515206248e+02 2.090546196515206248e+02 2.090408973331577727e+02 2.089266858366172528e+02 2.087820232876765658e+02 2.087411768837773707e+02 2.085471510715724435e+02 2.083911479567323113e+02 2.082006474471345427e+02 2.079517547577124787e+02 2.076480407024646411e+02 2.071695950156354229e+02 2.068255307684958098e+02 2.061516382818590500e+02 2.060224927948074765e+02 2.056532603737214231e+02 2.048396572990313871e+02 2.039385714575619204e+02 2.029966115577335586e+02 2.021246104367673979e+02
1.657627004697694417e+00 1.657627004697694417e+00 1.657533777898485994e+00 1.656759202589562108e+00 1.655759589278538613e+00 1.655482636774074479e+00 1.653931305570942811e+00 1.652755228662492470e+00 1.651436391244935464e+00 1.649711570730225674e+00 1.647650350606674863e+00 1.644066027779324202e+00 1.641376046872714767e+00 1.636520434744220154e+00 1.635535196743369113e+00 1.632664615034279620e+00 1.626760098309539160e+00 1.619343292511523202e+00 1.611290729639840436e+00 1.604654504713032281e+00
8.874509373720371741e-01 8.874509373720371741e-01 8.873949550703770228e-01 8.869308401605309200e-01 8.863356017501047290e-01 8.861698228474352845e-01 8.852764725370292354e-01 8.845891741283793408e-01 8.838043441152052537e-01 8.827774295943271454e-01 8.815424910663267610e-01 8.794501696416006098e-01 8.778969773229192697e-01 8.750380533736432653e-01 8.744645667645301046e-01 8.728046366463644290e-01 8.693341856864407191e-01 8.650890827494635005e-01 8.605295003216184568e-01 8.566675512726220632e-01
3.024165596135048872e-01 3.024165596135048872e-01 3.023955419138388834e-01 3.022196772171099610e-01 3.019956238214263067e-01 3.019325948226878609e-01 3.016132093279821902e-01 3.013613297325861140e-01 3.010660792381116835e-01 3.006808996451013627e-01 3.002133226538603594e-01 2.994471714685005281e-01 2.988894058784410390e-01 2.978318635979348983e-01 2.976244837014263567e-01 2.970260511123399283e-01 2.957468053352414472e-01 2.942447187615613302e-01 2.926569047880605012e-01 2.912531994140579172e-01
