2.895954915348930359e+08 2.895952119534416199e+08 2.895779714392204285e+08 2.894868651108818054e+08 2.893621145736503601e+08 2.893282595431785583e+08 2.891316149048500061e+08 2.888380990374794006e+08 2.886340881997108459e+08 2.882712402909355164e+08 2.880184579025688171e+08 2.873421931563682556e+08 2.868188404571571350e+08 2.860371794539299011e+08 2.858401707111473083e+08 2.854451471097373962e+08 2.845731171680717468e+08 2.834671194904365540e+08 2.823353232291069031e+08 2.814178235021400452e+08
5.262163548019714355e+08 5.262147470164489746e+08 5.261769726241149902e+08 5.259797487292785645e+08 5.257114162030334473e+08 5.256370862796325684e+08 5.252140902095642090e+08 5.245899260715637207e+08 5.241582429723052979e+08 5.233896202906188965e+08 5.228548520328063965e+08 5.214406831004180908e+08 5.203385173931884766e+08 5.187081076814117432e+08 5.182958557318420410e+08 5.174777396041870117e+08 5.156399465691680908e+08 5.133306721696014404e+08 5.109507929931335449e+08 5.090252980711212158e+08
1.340440252155080088e+03 1.340438965420602472e+03 1.340359189111753949e+03 1.339937608023712528e+03 1.339360338681799476e+03 1.339203682673643925e+03 1.338293742528956500e+03 1.336935521974650328e+03 1.335991467237254255e+03 1.334312399675502093e+03 1.333142650118199526e+03 1.330013203349939431e+03 1.327591402973790537e+03 1.323974217332244734e+03 1.323062552865347243e+03 1.321234544728518813e+03 1.317199233692415874e+03 1.312081197209990933e+03 1.306843824915806181e+03 1.302598078057329985e+03
2.387638147195364581e+03 2.387630812864314066e+03 2.387459196441835957e+03 2.386563237341382774e+03 2.385344290286331670e+03 2.385006591111683520e+03 2.383085050815396244e+03 2.380249871273670578e+03 2.378289074751926819e+03 2.374797802903543925e+03 2.372368778356438270e+03 2.365945804317685543e+03 2.360939674426714191e+03 2.353534682994097238e+03 2.351662278336152667e+03 2.347946727589966031e+03 2.339599290157580981e+03 2.329110947432724060e+03 2.318301443629461573e+03 2.309555889968032716e+03
2.059257324444448948e+07 2.059252308329737186e+07 2.059146558911001682e+07 2.058585949519407749e+07 2.057813071245634556e+07 2.057609926622736454e+07 2.056375919381868839e+07 2.054466606209528446e+07 2.053134481565344334e+07 2.050783241052186489e+07 2.049152696392476559e+07 2.044717608424222469e+07 2.041299911391031742e+07 2.036085533036887646e+07 2.034775336750423908e+07 2.032134198650562763e+07 2.026406291828072071e+07 2.019053022775757313e+07 2.011610431174957752e+07 2.005546772440660000e+07
1.897012891412372589e+08 1.897008270506381989e+08 1.896910852856159210e+08 1.896394412672977448e+08 1.895682427814884186e+08 1.895495288520374298e+08 1.894358506050586700e+08 1.892599623532733917e+08 1.891372454107570648e+08 1.889206462739725113e+08 1.887704385173006058e+08 1.883618728186502457e+08 1.880470304102478027e+08 1.875666755311880112e+08 1.874459786551380157e+08 1.872026738003864288e+08 1.866750120569458008e+08 1.859976199657974243e+08 1.853119993744964600e+08 1.847534077560415268e+08
7.457964086481401920e+08 7.457964208597977161e+08 7.457533683056309223e+08 7.455323730091707706e+08 7.452249497666981220e+08 7.451464642322008610e+08 7.446488136881964207e+08 7.438356545394966602e+08 7.432728871610977650e+08 7.422699042309312820e+08 7.415940885858968496e+08 7.397151672645467520e+08 7.382738370449715853e+08 7.360187864674700499e+08 7.354572989197746515e+08 7.343384263704401255e+08 7.319263389013825655e+08 7.287957193315650225e+08 7.256485788445779085e+08 7.230717638639038801e+08
2.715900162865875244e+09 2.715900267394893646e+09 2.715743205883235931e+09 2.714937405747003555e+09 2.713816256092151642e+09 2.713530267535791397e+09 2.711714521794733047e+09 2.708744043044214249e+09 2.706688370966480255e+09 2.703024660870984077e+09 2.700557138311353683e+09 2.693693434626344681e+09 2.688428911608258247e+09 2.680187334615503311e+09 2.678135668883677483e+09 2.674047753903059959e+09 2.665237049165591240e+09 2.653798652528923988e+09 2.642302559941786766e+09 2.632888513834312439e+09
4.989843317593542452e+03 4.989839031845891441e+03 4.989564072408807988e+03 4.988164434382786567e+03 4.986212445094810391e+03 4.985713768667053955e+03 4.982542551166239718e+03 4.977329058434792387e+03 4.973730788003398629e+03 4.967274388205965806e+03 4.962919775237773138e+03 4.950818862790685671e+03 4.941567752172828477e+03 4.926991498137627786e+03 4.923363259357349307e+03 4.916177406534152396e+03 4.900651066631551657e+03 4.880507910010877822e+03 4.860271769930906885e+03 4.843693544388726878e+03
1.410215413231190178e+04 1.410214454076319817e+04 1.410137248286322574e+04 1.409747169796211529e+04 1.409202035893590073e+04 1.409063074875899474e+04 1.408176382636485505e+04 1.406704368757872726e+04 1.405688956978541682e+04 1.403858252473585890e+04 1.402623559568717610e+04 1.399192018532694783e+04 1.396580025304370793e+04 1.392427626449661329e+04 1.391395683145843213e+04 1.389362287973816274e+04 1.384962394634616794e+04 1.379257930740556912e+04 1.373535316635231720e+04 1.368836761916498654e+04
1.546266221644355683e+06 1.546266226960644824e+06 1.546177021074660821e+06 1.545719753186876653e+06 1.545082979686472332e+06 1.544920872813220834e+06 1.543888186936412705e+06 1.542195749325373909e+06 1.541025593566277763e+06 1.538939099409417016e+06 1.537535632093029330e+06 1.533625766010421561e+06 1.530626548966370756e+06 1.525929619746836601e+06 1.524760594970825827e+06 1.522431109394659055e+06 1.517415139141068095e+06 1.510895751428644406e+06 1.504345649533889489e+06 1.498983440289498074e+06
1.730187590357905719e+03 1.730184173355519306e+03 1.730097526443598326e+03 1.729635063111956697e+03 1.729002207116165664e+03 1.728830021185043734e+03 1.727835453575185966e+03 1.726363364004471805e+03 1.725340361352253240e+03 1.723529928408155683e+03 1.722256920918618562e+03 1.718871176613523858e+03 1.716248128239793004e+03 1.712348243821557844e+03 1.711360914428281831e+03 1.709373864370078081e+03 1.704991763183759758e+03 1.699438284060015576e+03 1.693743353448720882e+03 1.689137053905898938e+03
2.725116020808410645e+07 2.725141968079376221e+07 2.724980965906906128e+07 2.724104499371337891e+07 2.722973364184570312e+07 2.722618852827453613e+07 2.721095237502670288e+07 2.719171733219146729e+07 2.717710059662246704e+07 2.715145834212034941e+07 2.713167900848561525e+07 2.708756642549377680e+07 2.705407577821898460e+07 2.700623962639707327e+07 2.699382569961559772e+07 2.697003615522778034e+07 2.690951602975702286e+07 2.684419701339197159e+07 2.677279456959009171e+07 2.671264077369087934e+07
2.466980969069786072e+08 2.467005427598228455e+08 2.466880479949493408e+08 2.466216542855033875e+08 2.465322439263877869e+08 2.465068709152069092e+08 2.463717899786834717e+08 2.461796615362701416e+08 2.460439285674705505e+08 2.458016952394504547e+08 2.456279180605201721e+08 2.451817227462921143e+08 2.448418333414173126e+08 2.443384577558593750e+08 2.442122035465526581e+08 2.439628459598636627e+08 2.433898180337162018e+08 2.426872067536830902e+08 2.419563301861705780e+08 2.413598647710151672e+08
1.064296346929702908e+06 1.064249123710248619e+06 1.064220588498208672e+06 1.064076251638505608e+06 1.063875598782036453e+06 1.063817537200901657e+06 1.063405242751929909e+06 1.062884538520429283e+06 1.062553837105128914e+06 1.061959505883324891e+06 1.061582123771890998e+06 1.060476951204225421e+06 1.059333524033337831e+06 1.058116162784621119e+06 1.057734775471806526e+06 1.056944898462235928e+06 1.055275297657221556e+06 1.053073486895412207e+06 1.050731173754811287e+06 1.049081362887278199e+06
4.586828560688138008e+06 4.586912373108148575e+06 4.586620376387000084e+06 4.585061569696426392e+06 4.582969477030396461e+06 4.582374637313604355e+06 4.579385009290099144e+06 4.574992169385910034e+06 4.571825864765882492e+06 4.566182587221965194e+06 4.562096805494651198e+06 4.551894983531996608e+06 4.544294439177304506e+06 4.532588312868490815e+06 4.529665255304694176e+06 4.523958317417025566e+06 4.510671486259907484e+06 4.494847839198559523e+06 4.478343418095320463e+06 4.464527680050686002e+06
2.118864055881714821e+07 2.118867920768284798e+07 2.118755781779026985e+07 2.118154164441800117e+07 2.117332951034283638e+07 2.117110865308451653e+07 2.115840215461182594e+07 2.113931401904273033e+07 2.112584220461201668e+07 2.110210159374815226e+07 2.108528967623955011e+07 2.104081057123118639e+07 2.100679075062143803e+07 2.095512485717242956e+07 2.094213210625386238e+07 2.091600752136111259e+07 2.085834419540536404e+07 2.078584245633018017e+07 2.071186329911172390e+07 2.065125929532450438e+07
3.901958401347534180e+09 3.902020106476928711e+09 3.901811432047729492e+09 3.900702498286376953e+09 3.899197220769531250e+09 3.898786185611206055e+09 3.896585191524780273e+09 3.893184526998657227e+09 3.890743931555541992e+09 3.886396680409088135e+09 3.883303821773986816e+09 3.875310989673278809e+09 3.869387495111297607e+09 3.860024718667602539e+09 3.857707660828887939e+09 3.853142456778839111e+09 3.842827070637908936e+09 3.830207201853363037e+09 3.817278379206024170e+09 3.806424744799194336e+09
8.521000130610191263e+02 8.521247681678651134e+02 8.520756027828610968e+02 8.518146206043893471e+02 8.514648876236024080e+02 8.513663294597063214e+02 8.508835875322693028e+02 8.501461937060521450e+02 8.496053604904591339e+02 8.486365315342700342e+02 8.479342830257592141e+02 8.461883932471755543e+02 8.449281258357004845e+02 8.428966224569376209e+02 8.423991990598078701e+02 8.414393566109283711e+02 8.391869223415487795e+02 8.365391396549748606e+02 8.337934010059907450e+02 8.314404991416304256e+02
1.943926251403667038e-01 1.944014532405802242e-01 1.943921326401394367e-01 1.943408282383956021e-01 1.942725554361430795e-01 1.942539002354735089e-01 1.941698041320378820e-01 1.940298385256085112e-01 1.939193978211193325e-01 1.937247120123890554e-01 1.935780565073601522e-01 1.932228788936329877e-01 1.929865435830144804e-01 1.925603627653513783e-01 1.924596295612470698e-01 1.922650928540701187e-01 1.918085069362689410e-01 1.912933123150715176e-01 1.907712234927316786e-01 1.902928532730205902e-01
7.993028676102112513e+02 7.993072327357367612e+02 7.992646475684887264e+02 7.990355891828658059e+02 7.987248336919583380e+02 7.986392829128017183e+02 7.981698902990028728e+02 7.974743437937868293e+02 7.969796260535076726e+02 7.961058282990052248e+02 7.954808745832233399e+02 7.938579049537620449e+02 7.926246573859134514e+02 7.907509564828033035e+02 7.902800309769554588e+02 7.893388204876719101e+02 7.872304052750296250e+02 7.846214239209984953e+02 7.819420411674836942e+02 7.797349526864963991e+02
6.993816879115456686e+00 6.994071560215161298e+00 6.993707014721167070e+00 6.991758924252280849e+00 6.989142096086652600e+00 6.988424283097856460e+00 6.984959645528533656e+00 6.979332915974282514e+00 6.975106689935046234e+00 6.967555713234162340e+00 6.962061317310087816e+00 6.948383712851580185e+00 6.938849595113651958e+00 6.922580731420168831e+00 6.918667821861276934e+00 6.911120507132523016e+00 6.893572599549315782e+00 6.873087177124261871e+00 6.852144321605919686e+00 6.833690020419055600e+00
4.447959409672766924e+02 4.448043185766873648e+02 4.447809993654809659e+02 4.446564978700625943e+02 4.444880529746151296e+02 4.444419477344345069e+02 4.442000710478168912e+02 4.438247229731350671e+02 4.435522345161880367e+02 4.430678487033692363e+02 4.427206542667154281e+02 4.418310485404545034e+02 4.411786546690709656e+02 4.401350415958404483e+02 4.398779182018843130e+02 4.393723648159575532e+02 4.382243369817151688e+02 4.368331028245011112e+02 4.354087245786213316e+02 4.342024187123279262e+02
2.090322605747278430e+02 2.090429428661445854e+02 2.090320549226453295e+02 2.089738338202878367e+02 2.088962291580028250e+02 2.088748090029766900e+02 2.087797002901570522e+02 2.086190737605356844e+02 2.084945438992217532e+02 2.082710965933183616e+02 2.081061699732499619e+02 2.077069732868521896e+02 2.074413402006402976e+02 2.069612302894283857e+02 2.068480873064336265e+02 2.066340264360051151e+02 2.061235860093374868e+02 2.055498420994344997e+02 2.049630793445112431e+02 2.044264400536094399e+02
1.657485325419536082e+00 1.657462662219408855e+00 1.657390784420663010e+00 1.657007040126067920e+00 1.656475817433424425e+00 1.656334508235026703e+00 1.655447189049702672e+00 1.654143094078953879e+00 1.653257678100196415e+00 1.651698297336274379e+00 1.650620260656836535e+00 1.647652091123774198e+00 1.645285362274734098e+00 1.641869771765328778e+00 1.640993655786104455e+00 1.639201303525709363e+00 1.635353970609031649e+00 1.630317274624445645e+00 1.625183086729208526e+00 1.621124214919319684e+00
8.873867183730368424e-01 8.873791176732623853e-01 8.873388515734035309e-01 8.871194821724515123e-01 8.868192262718110896e-01 8.867381397712250646e-01 8.862558779746478876e-01 8.855553848854214039e-01 8.850663652905126355e-01 8.842132407011007444e-01 8.836068051049181804e-01 8.819826922269413672e-01 8.807104138444259434e-01 8.788473430754351057e-01 8.783718667825013426e-01 8.773986138954938951e-01 8.752834175185029153e-01 8.725783193598743992e-01 8.698195972994398062e-01 8.676033290288813760e-01
3.024004890126548162e-01 3.024028801125808741e-01 3.023878823129138027e-01 3.023048343144552064e-01 3.021933424164302551e-01 3.021623075170936090e-01 3.019989869200685462e-01 3.017622453240136338e-01 3.015884603267551256e-01 3.012866634313873249e-01 3.010633460348373092e-01 3.004979832424226061e-01 3.000750408484016418e-01 2.994266072567555170e-01 2.992640342589787394e-01 2.989363232626338629e-01 2.981970020732838123e-01 2.973017288848787132e-01 2.963835997978385706e-01 2.956164642082583782e-01
