2.895954915348930359e+08 2.895952119534416199e+08 2.895881849233512878e+08 2.894883514658012390e+08 2.893890121366996765e+08 2.893335813626518250e+08 2.890848412073097229e+08 2.888160575804710388e+08 2.886723285364646912e+08 2.883455996247978210e+08 2.880821114415473938e+08 2.874813928433341980e+08 2.870292637535667419e+08 2.863613897499122620e+08 2.861355008779945374e+08 2.857203313388557434e+08 2.850202350147819519e+08 2.839383660122489929e+08 2.828993647362327576e+08 2.820022365999107361e+08
5.262163548019714355e+08 5.262147470164489746e+08 5.261986161747741699e+08 5.259765951301574707e+08 5.257677825372009277e+08 5.256498322500915527e+08 5.251179736463317871e+08 5.245480483429870605e+08 5.242462047122497559e+08 5.235704199103393555e+08 5.230184105861358643e+08 5.217553341170654297e+08 5.207996966119079590e+08 5.193908888620910645e+08 5.189155460679626465e+08 5.180395331190032959e+08 5.165717626382141113e+08 5.143243977615356445e+08 5.121534746744689941e+08 5.102765572257995605e+08
1.340440252155080088e+03 1.340438965420602472e+03 1.340406451699222089e+03 1.339944506138810539e+03 1.339484810314505012e+03 1.339228305957993143e+03 1.338077291536741541e+03 1.336833515894322773e+03 1.336168406921162386e+03 1.334656423886262928e+03 1.333437115619031829e+03 1.330657286693065544e+03 1.328565078195373644e+03 1.325474494121372118e+03 1.324429193904143176e+03 1.322508010024132091e+03 1.319268290852065547e+03 1.314261867916895426e+03 1.309453861738365958e+03 1.305302369849188835e+03
2.387638147195364581e+03 2.387630812864314066e+03 2.387557506970159011e+03 2.386548731274931924e+03 2.385600300968071679e+03 2.385064527927112067e+03 2.382648549778299639e+03 2.380059788052836666e+03 2.378688815405505011e+03 2.375619708382902900e+03 2.373112527845631121e+03 2.367375594030687353e+03 2.363034909796988359e+03 2.356635932376404526e+03 2.354476898262306349e+03 2.350497926505719079e+03 2.343831392602442065e+03 2.333624573164765025e+03 2.323764555250498233e+03 2.315239806213794509e+03
2.059257324444448948e+07 2.059252308329737186e+07 2.059212856666815281e+07 2.058615565354216099e+07 2.057975856144201756e+07 2.057630019331610203e+07 2.056043512351953983e+07 2.054294962519943714e+07 2.053350305584728718e+07 2.051176613935768604e+07 2.049451861088550091e+07 2.045504868620574474e+07 2.042556544507396221e+07 2.038202224498760700e+07 2.036713695807564259e+07 2.033976658993422985e+07 2.029366756577217579e+07 2.022134987568247318e+07 2.015270619554889202e+07 2.009302865921270847e+07
1.897012891412372589e+08 1.897008270506381989e+08 1.896971927155780792e+08 1.896421695142230988e+08 1.895832387239437103e+08 1.895513798164272308e+08 1.894052288646793365e+08 1.892441503274517059e+08 1.891571273809795380e+08 1.889568842615776062e+08 1.887979979319696426e+08 1.884343961845178604e+08 1.881627929808359146e+08 1.877616677247505188e+08 1.876245426503372192e+08 1.873724034889516830e+08 1.869477336696338654e+08 1.862815343110179901e+08 1.856491803783388138e+08 1.850994236532764435e+08
7.457964086481401920e+08 7.457964208597977161e+08 7.457821652618362904e+08 7.455486693070747852e+08 7.452849057652275562e+08 7.451470142131540775e+08 7.444908962295877934e+08 7.437585343339464664e+08 7.433515448831980228e+08 7.424192767816226482e+08 7.416991491458463669e+08 7.400246996407079697e+08 7.387826639357929230e+08 7.369341185291815996e+08 7.362919502078505754e+08 7.351215638926113844e+08 7.331518534202371836e+08 7.300692431544271708e+08 7.271456699651130438e+08 7.245863677979822159e+08
2.715900162865875244e+09 2.715900267394893646e+09 2.715848426679191589e+09 2.714997393691793442e+09 2.714034528937257767e+09 2.713531602093807220e+09 2.711136343391902924e+09 2.708461641108806610e+09 2.706974571564212799e+09 2.703567956079917908e+09 2.700937927723031044e+09 2.694821030669486046e+09 2.690284466294049263e+09 2.683532116376248360e+09 2.681185612827723503e+09 2.676909467179700851e+09 2.669713291143918037e+09 2.658449211701975822e+09 2.647767844349231720e+09 2.638415914644083023e+09
4.989843317593542452e+03 4.989839031845891441e+03 4.989748915078795108e+03 4.988264286483499745e+03 4.986587707112405042e+03 4.985711018788257206e+03 4.981510699465499783e+03 4.976829001958925801e+03 4.974215783905914577e+03 4.968224709673588222e+03 4.963598967911450018e+03 4.952828520563554775e+03 4.944858670231660653e+03 4.932946142971639347e+03 4.928792532587081951e+03 4.921248401366909093e+03 4.908536157494592771e+03 4.888745538484603458e+03 4.869931125970419089e+03 4.853456489507610968e+03
1.410215413231190178e+04 1.410214454076319817e+04 1.410189627138336073e+04 1.409775439003013889e+04 1.409305403378719348e+04 1.409060106291525881e+04 1.407879066756341490e+04 1.406561727028663154e+04 1.405821546683341148e+04 1.404121218969472102e+04 1.402810930585712777e+04 1.399759988182192319e+04 1.397508886072682799e+04 1.394129115784663009e+04 1.392946831255272264e+04 1.390806755982851610e+04 1.387194325135712279e+04 1.381593656993069453e+04 1.376265224264410790e+04 1.371591356500369147e+04
1.546266221644355683e+06 1.546266226960644824e+06 1.546236976012775442e+06 1.545754652369267074e+06 1.545206743863947457e+06 1.544921033717673039e+06 1.543557280959359137e+06 1.542034038284925511e+06 1.541186632390551036e+06 1.539245528692418011e+06 1.537749066958655370e+06 1.534264968861202477e+06 1.531681536433915375e+06 1.527836064687157283e+06 1.526498776234499412e+06 1.524062386302614352e+06 1.519962860172601184e+06 1.513542842582212528e+06 1.507454468545115786e+06 1.502125162837357959e+06
1.730187590357905719e+03 1.730184173355519306e+03 1.730148132347327191e+03 1.729641884305572603e+03 1.729140937655523885e+03 1.728860103544953745e+03 1.727603396424499806e+03 1.726252503974305000e+03 1.725535944842675235e+03 1.723904170720314141e+03 1.722576661723374855e+03 1.719561781412165146e+03 1.717294284489762504e+03 1.713948905606899643e+03 1.712821758093225071e+03 1.710742360250122147e+03 1.707238068757491419e+03 1.701809598738705972e+03 1.696607589554187143e+03 1.692109597788425162e+03
2.725116020808410645e+07 2.725141968079376221e+07 2.725050176200103760e+07 2.723989272820281982e+07 2.723239495011138916e+07 2.722746271659851074e+07 2.720985259817123413e+07 2.719198982126617432e+07 2.718268071630859375e+07 2.716208681902158260e+07 2.714257254678338766e+07 2.710268118012303114e+07 2.707222784324711561e+07 2.702589233156061172e+07 2.701157644386529922e+07 2.698491169571465254e+07 2.693857889087378979e+07 2.687584706345069408e+07 2.681452280805975199e+07 2.675906185830640793e+07
2.466980969069786072e+08 2.467005427598228455e+08 2.466948523663902283e+08 2.466196683419799805e+08 2.465527184213981628e+08 2.465132109818344116e+08 2.463461589276428223e+08 2.461712605574607849e+08 2.460777248175506592e+08 2.458645698137855530e+08 2.456857606410808563e+08 2.452923432045192719e+08 2.449946955925502777e+08 2.445515012154445648e+08 2.444054541558361053e+08 2.441390739679069519e+08 2.436809889685382843e+08 2.429938674576778412e+08 2.423270758037109375e+08 2.417511601101646423e+08
1.064296346929702908e+06 1.064249123710248619e+06 1.064235116964433342e+06 1.064060163212869316e+06 1.063894426214668900e+06 1.063812196591828018e+06 1.063325074471328408e+06 1.062776315465424210e+06 1.062541302642736584e+06 1.062135772478524595e+06 1.061770596629250795e+06 1.060663715220678598e+06 1.059753191203046590e+06 1.058585409038543701e+06 1.058161176165580750e+06 1.057267436478331685e+06 1.056044510292321444e+06 1.054006203438013792e+06 1.051930191764757037e+06 1.050312064202215523e+06
4.586828560688138008e+06 4.586912373108148575e+06 4.586779269703745842e+06 4.585019675037145615e+06 4.583457855905532837e+06 4.582529588599801064e+06 4.578774972487211227e+06 4.574841645327329636e+06 4.572668438181638718e+06 4.567656414522618055e+06 4.563440964501425624e+06 4.554377450185403228e+06 4.547646558707103133e+06 4.537325788257807493e+06 4.533944333614319563e+06 4.527809561626866460e+06 4.517151829603254795e+06 4.501578152510583401e+06 4.486643925225779414e+06 4.473293979512989521e+06
2.118864055881714821e+07 2.118867920768284798e+07 2.118822313208413124e+07 2.118170300137209892e+07 2.117515265441060066e+07 2.117148840996146202e+07 2.115536700236773491e+07 2.113786613104605675e+07 2.112845330965495110e+07 2.110671675000607967e+07 2.108907073336392641e+07 2.104953872239691019e+07 2.101998612138897181e+07 2.097607095489060879e+07 2.096129093856036663e+07 2.093412473283404112e+07 2.088799443415737152e+07 2.081664653291058540e+07 2.074881484320765734e+07 2.068959367160749435e+07
3.901958401347534180e+09 3.902020106476928711e+09 3.901935107903198242e+09 3.900724611077636719e+09 3.899540664423095703e+09 3.898866200951049805e+09 3.896038335561035156e+09 3.892997554511840820e+09 3.891289321825439453e+09 3.887296153832580566e+09 3.884051116716705322e+09 3.876977249074127197e+09 3.871764845041778564e+09 3.863781188980316162e+09 3.861117480137786865e+09 3.856306674250488281e+09 3.847953601421661377e+09 3.835443560550811768e+09 3.823565311736267090e+09 3.812963839076477051e+09
8.521000130610191263e+02 8.521247681678651134e+02 8.521033108610135969e+02 8.518116544801014243e+02 8.515478360870329197e+02 8.513913091885624453e+02 8.507754841716523515e+02 8.501273536679509562e+02 8.497538756634894526e+02 8.488744492027908564e+02 8.481435827777168015e+02 8.466049787271476816e+02 8.454780181820678990e+02 8.437118902968577459e+02 8.431339104654834955e+02 8.421029260205177707e+02 8.402746066613835865e+02 8.376380745676651713e+02 8.351264682156688650e+02 8.328455129014910199e+02
1.943926251403667038e-01 1.944014532405802242e-01 1.943977621404258116e-01 1.943436815381502925e-01 1.942902699361468422e-01 1.942587153351524876e-01 1.941478910306884131e-01 1.940273050253367160e-01 1.939516853217853054e-01 1.937600984149607797e-01 1.936029428101297967e-01 1.932947581976689477e-01 1.930778395884997778e-01 1.927203592740802662e-01 1.926049352688501415e-01 1.924040745597350721e-01 1.920305693438866257e-01 1.914982974237968705e-01 1.910104745038916363e-01 1.905454063847002999e-01
7.993028676102112513e+02 7.993072327357367612e+02 7.992891091511992272e+02 7.990378441646171268e+02 7.987953485759207979e+02 7.986568703716038726e+02 7.980654908065625932e+02 7.974296948392002378e+02 7.970864401109865867e+02 7.962933783885819139e+02 7.956412053795138490e+02 7.941996166801327490e+02 7.931227494169797865e+02 7.915108260084562062e+02 7.909735250664125488e+02 7.899884012509246531e+02 7.883036903696811351e+02 7.857367177286541846e+02 7.832901167211348366e+02 7.811437694553096662e+02
6.993816879115456686e+00 6.994071560215161298e+00 6.993925389318292218e+00 6.991818648656817459e+00 6.989777707176699550e+00 6.988587211592175663e+00 6.984045859119987654e+00 6.979174049164157623e+00 6.976233217798380792e+00 6.969093672082522062e+00 6.963278723461883146e+00 6.951299039697744320e+00 6.942707226294317024e+00 6.928907761569917056e+00 6.924379978728666174e+00 6.916410975519568183e+00 6.902016539996679967e+00 6.881298236883026220e+00 6.861893996841843091e+00 6.843887696127012532e+00
4.447959409672766924e+02 4.448043185766873648e+02 4.447947904356697109e+02 4.446592212983669015e+02 4.445269316874764627e+02 4.444511665687896311e+02 4.441403068493236788e+02 4.438056559580145404e+02 4.436156547390273772e+02 4.431677443848529947e+02 4.428027559454749280e+02 4.420170452724378265e+02 4.414404893328428443e+02 4.405510920369852101e+02 4.402556565613922430e+02 4.397237673010349681e+02 4.387938937189101125e+02 4.374098214404002647e+02 4.360998282534601458e+02 4.349231880207662471e+02
2.090322605747278430e+02 2.090429428661445854e+02 2.090385982994994265e+02 2.089757553525560070e+02 2.089158454037678894e+02 2.088802415296522668e+02 2.087535425427558948e+02 2.086181918060829048e+02 2.085318644910585135e+02 2.083172636957169743e+02 2.081420006131338596e+02 2.077947245256546012e+02 2.075505863990438229e+02 2.071441165842270493e+02 2.070123641681648223e+02 2.067850826624680849e+02 2.063622421717236648e+02 2.057731678964128150e+02 2.052265545392629065e+02 2.047035464711098030e+02
1.657485325419536082e+00 1.657462662219408855e+00 1.657434001219421305e+00 1.657019621124440789e+00 1.656587246832422977e+00 1.656352380935395274e+00 1.655233539355315031e+00 1.654015833081238895e+00 1.653390230296842844e+00 1.651985016233929571e+00 1.650857870257475213e+00 1.648203528317701227e+00 1.646185623663363629e+00 1.643285825127208000e+00 1.642293618651052611e+00 1.640438854893744747e+00 1.637378790463316136e+00 1.632485273979199292e+00 1.627790524484879597e+00 1.623808945878813859e+00
8.873867183730368424e-01 8.873791176732623853e-01 8.873623583730108066e-01 8.871257304722206527e-01 8.868855314731689532e-01 8.867519636723244503e-01 8.861491382780997128e-01 8.854928274862032822e-01 8.851531909911187768e-01 8.843751866998132982e-01 8.837398799041835673e-01 8.822926215231490232e-01 8.811976620378203506e-01 8.796086191564000956e-01 8.790728301645600595e-01 8.780729112793181912e-01 8.764017538015167474e-01 8.737553329438725314e-01 8.712351215847746744e-01 8.690744027170325126e-01
3.024004890126548162e-01 3.024028801125808741e-01 3.023962244127602617e-01 3.023058030149030628e-01 3.022198705160263899e-01 3.021698228168645528e-01 3.019669535206475075e-01 3.017480766240652201e-01 3.016302285255960669e-01 3.013513762287587383e-01 3.011174038321406954e-01 3.006172296394034049e-01 3.002447177449631965e-01 2.996848908532605549e-01 2.995013622558424515e-01 2.991638044606119706e-01 2.985804282685045052e-01 2.976924918792285268e-01 2.968552459903435192e-01 2.961148496003502828e-01
