2.895954915348930359e+08 2.895952119534416199e+08 2.895842499072380066e+08 2.895146307041435242e+08 2.894895801163749695e+08 2.894300342874870300e+08 2.892775455544471741e+08 2.891103058600502014e+08 2.890355622906379700e+08 2.888628399177970886e+08 2.887610250758781433e+08 2.884133597581672668e+08 2.880506472994499207e+08 2.874492605304374695e+08 2.871850221733055115e+08 2.867269919677925110e+08 2.860317072915763855e+08 2.849964635465202332e+08 2.839995796520118713e+08 2.830597749202995300e+08
5.262163548019714355e+08 5.262147470164489746e+08 5.261904847093200684e+08 5.260342716986999512e+08 5.259786525640563965e+08 5.258463490240173340e+08 5.255190013800201416e+08 5.251630746303863525e+08 5.250019234084930420e+08 5.246274184573059082e+08 5.244100820921325684e+08 5.236755098997039795e+08 5.229124210210723877e+08 5.216469612507019043e+08 5.210970531885681152e+08 5.201287366747436523e+08 5.186560208422851562e+08 5.164824807228240967e+08 5.143911697188262939e+08 5.124140143114013672e+08
1.340440252155080088e+03 1.340438965420602472e+03 1.340388241921100416e+03 1.340066106721074902e+03 1.339950194572462351e+03 1.339674666510210955e+03 1.338969049913706840e+03 1.338195165620141779e+03 1.337849300483489060e+03 1.337050059270593920e+03 1.336578917177408584e+03 1.334970105712607619e+03 1.333291661891984404e+03 1.330508737394979107e+03 1.329285957672851509e+03 1.327166444387679803e+03 1.323949044287772267e+03 1.319158454990814789e+03 1.314545380605195533e+03 1.310196437844409957e+03
2.387638147195364581e+03 2.387630812864314066e+03 2.387520577715273248e+03 2.386810769788484322e+03 2.386558060247480171e+03 2.385956928361702012e+03 2.384469907268095994e+03 2.382853149285918334e+03 2.382121080200100550e+03 2.380419739578472218e+03 2.379432498492387822e+03 2.376095944438333390e+03 2.372629952436283929e+03 2.366882169511256507e+03 2.364384632524655899e+03 2.359986350945284357e+03 2.353296914891194319e+03 2.343424708097911207e+03 2.333926029029040365e+03 2.324945689915417461e+03
2.059257324444448948e+07 2.059252308329737186e+07 2.059186287817823887e+07 2.058777504740011692e+07 2.058624831240427494e+07 2.058267724985182285e+07 2.057286184273684025e+07 2.056186994185316563e+07 2.055717215286409855e+07 2.054637461064374447e+07 2.053993428987729549e+07 2.051764594350612164e+07 2.049379388666999340e+07 2.045446360611617565e+07 2.043683409267508984e+07 2.040662629993808270e+07 2.036130826300752163e+07 2.029291625906932354e+07 2.022701003291261196e+07 2.016490766219174862e+07
1.897012891412372589e+08 1.897008270506381989e+08 1.896947451608676910e+08 1.896570875671939850e+08 1.896430230989818573e+08 1.896101260368251801e+08 1.895197053135547638e+08 1.894184465855236053e+08 1.893751699820442200e+08 1.892757017101163864e+08 1.892163726923322678e+08 1.890110497353219986e+08 1.887913216867074966e+08 1.884290063589601517e+08 1.882666011354818344e+08 1.879883232750082016e+08 1.875708480064573288e+08 1.869408125460977554e+08 1.863336763749399185e+08 1.857615817816743851e+08
7.457964086481401920e+08 7.457964208597977161e+08 7.457701428519232273e+08 7.456127590161983967e+08 7.455526828206617832e+08 7.454117839741661549e+08 7.450086864316399097e+08 7.445410901988947392e+08 7.443474053897893429e+08 7.439023920062050819e+08 7.436407853913884163e+08 7.427218032669429779e+08 7.417178744455127716e+08 7.400685617127183676e+08 7.393061690129326582e+08 7.380265808255394697e+08 7.361085989552305937e+08 7.331984177472118139e+08 7.304143306932767630e+08 7.277677546287654638e+08
2.715900162865875244e+09 2.715900267394893646e+09 2.715804456768138885e+09 2.715231128160543442e+09 2.715012095792650223e+09 2.714498475705877304e+09 2.713026904461000443e+09 2.711318611612129211e+09 2.710611724534465790e+09 2.708987646139555931e+09 2.708032986431805611e+09 2.704678176425368309e+09 2.701011101529648781e+09 2.694987317112213135e+09 2.692201187027080536e+09 2.687526475834856033e+09 2.680520764778957367e+09 2.669888771535274506e+09 2.659717948744131088e+09 2.650048413230895996e+09
4.989843317593542452e+03 4.989839031845891441e+03 4.989671499576979841e+03 4.988671346224589797e+03 4.988288171065483766e+03 4.987390005317494797e+03 4.984825355714048783e+03 4.981832533458342368e+03 4.980592105550960696e+03 4.977739810577542812e+03 4.976066665006866970e+03 4.970184033640900452e+03 4.963754931901123200e+03 4.953199581994536857e+03 4.948285719670158869e+03 4.940052813319874986e+03 4.927702417528875230e+03 4.908999239897682855e+03 4.891108243572503852e+03 4.874062864509040082e+03
1.410215413231190178e+04 1.410214454076319817e+04 1.410167568591560121e+04 1.409889192803247715e+04 1.409782289765492897e+04 1.409531228772291797e+04 1.408813721792839351e+04 1.407969803236165899e+04 1.407620426621809020e+04 1.406816843852170859e+04 1.406345851540568401e+04 1.404690183257163153e+04 1.402877913364014239e+04 1.399899008798401337e+04 1.398503736341116019e+04 1.396172576311230659e+04 1.392672994586266577e+04 1.387381694516760763e+04 1.382323703272023704e+04 1.377488969230314251e+04
1.546266221644355683e+06 1.546266226960644824e+06 1.546211873739217175e+06 1.545887207023196621e+06 1.545762855354909552e+06 1.545471587449849350e+06 1.544634073945565848e+06 1.543660873165802797e+06 1.543258943999486277e+06 1.542335679721827852e+06 1.541793157036302844e+06 1.539883467201762600e+06 1.537794373295453144e+06 1.534365538910832489e+06 1.532777018325046403e+06 1.530114110125983832e+06 1.526124650048831245e+06 1.520065978668103227e+06 1.514270079367432045e+06 1.508761454577407101e+06
1.730187590357905719e+03 1.730184173355519306e+03 1.730128838981792796e+03 1.729775325105467346e+03 1.729647251606278587e+03 1.729346099521790165e+03 1.728571460132894572e+03 1.727731168222671840e+03 1.727355640505615156e+03 1.726487979875120800e+03 1.725973709520592820e+03 1.724221797318372410e+03 1.722396386364533100e+03 1.719372871746803867e+03 1.718052497803728329e+03 1.715744114786066348e+03 1.712255338577815564e+03 1.707052375356230186e+03 1.702032255218276987e+03 1.697317322280170629e+03
2.725116020808410645e+07 2.725141968079376221e+07 2.725030881795883179e+07 2.724249935715103149e+07 2.724017997977828979e+07 2.723403811449813843e+07 2.722310708415603638e+07 2.721235942835998535e+07 2.720609619482648373e+07 2.719127775281673670e+07 2.718257985659176111e+07 2.715768238708108664e+07 2.713491306303018332e+07 2.709213867501312494e+07 2.707664885576337576e+07 2.704714828295224905e+07 2.699893650752419233e+07 2.693461490517431498e+07 2.687462740390783548e+07 2.681414757542043924e+07
2.466980969069786072e+08 2.467005427598228455e+08 2.466923988137283325e+08 2.466389560393486023e+08 2.466211354963150024e+08 2.465768591216964722e+08 2.464766419272117615e+08 2.463697629512023926e+08 2.463176272933845520e+08 2.461962685936031342e+08 2.461246558742313385e+08 2.458902235944385529e+08 2.456562371504497528e+08 2.452565326957817078e+08 2.450897217247314453e+08 2.447938174250907898e+08 2.443354878311042786e+08 2.436692442269706726e+08 2.430295724478378296e+08 2.424214438782119751e+08
1.064296346929702908e+06 1.064249123710248619e+06 1.064230585773561150e+06 1.064103488510701805e+06 1.064047192568037659e+06 1.063935136203024536e+06 1.063592485354159027e+06 1.063253199956212193e+06 1.063114624828044325e+06 1.062792562478024513e+06 1.062642283228833228e+06 1.061996645302344114e+06 1.061238364735323936e+06 1.060197894532337785e+06 1.059671389714166522e+06 1.058767460575923324e+06 1.057460965520605445e+06 1.055322504835262895e+06 1.053290149373963475e+06 1.051618891058579087e+06
4.586828560688138008e+06 4.586912373108148575e+06 4.586722012534618378e+06 4.585472471581578255e+06 4.585064372763872147e+06 4.584032066674470901e+06 4.581761847078442574e+06 4.579314833693623543e+06 4.578100845077365637e+06 4.575277743468835950e+06 4.573595490119174123e+06 4.568296764116093516e+06 4.563051163350865245e+06 4.553757763020679355e+06 4.549928734761610627e+06 4.543127369436874986e+06 4.532505293508604169e+06 4.517404234417721629e+06 4.503085047983929515e+06 4.489019488239929080e+06
2.118864055881714821e+07 2.118867920768284798e+07 2.118796656680655479e+07 2.118344297655892372e+07 2.118182155151152611e+07 2.117795451384186745e+07 2.116800560518145561e+07 2.115708485926795006e+07 2.115220281174552441e+07 2.114095457488268614e+07 2.113420821451777220e+07 2.111149790157562494e+07 2.108779536115723848e+07 2.104797970033794641e+07 2.103065977653759718e+07 2.100051296763056517e+07 2.095489046651023626e+07 2.088708826733690500e+07 2.082178682126575708e+07 2.075984968083339930e+07
3.901958401347534180e+09 3.902020106476928711e+09 3.901887451245727539e+09 3.901045028548095703e+09 3.900759416424682617e+09 3.900045038849487305e+09 3.898330326321166992e+09 3.896418958706787109e+09 3.895524964621276855e+09 3.893463228792938232e+09 3.892222389287811279e+09 3.888200114586822510e+09 3.884090789991607666e+09 3.876910990849670410e+09 3.873838275605468750e+09 3.868520277481689453e+09 3.860320004789306641e+09 3.848414810562072754e+09 3.837091640676696777e+09 3.826021426626770020e+09
8.521000130610191263e+02 8.521247681678651134e+02 8.520930349486588966e+02 8.518874072295875521e+02 8.518224688504997175e+02 8.516519166820653481e+02 8.512856181861279765e+02 8.508799136936286232e+02 8.506755200219777180e+02 8.502016451985400636e+02 8.499159467741992557e+02 8.490333341250370722e+02 8.481650877321371809e+02 8.465814847026995267e+02 8.459305703151258058e+02 8.447912780033148010e+02 8.429937733710467000e+02 8.404640681708187913e+02 8.380830770613902132e+02 8.356915575933016953e+02
1.943926251403667038e-01 1.944014532405802242e-01 1.943955638403167541e-01 1.943584625386662879e-01 1.943476575382589999e-01 1.943165975368543741e-01 1.942513719338592182e-01 1.941750652301621471e-01 1.941356878284619114e-01 1.940457902244299149e-01 1.939876444224468699e-01 1.938189738159676878e-01 1.936547176094931544e-01 1.933297969971947694e-01 1.931999441911065318e-01 1.929776512823222490e-01 1.926222776673638393e-01 1.921339357468996312e-01 1.916783689302450355e-01 1.911961170108087416e-01
7.993028676102112513e+02 7.993072327357367612e+02 7.992799023291154299e+02 7.991040956763026770e+02 7.990429976484156214e+02 7.988945493383798748e+02 7.985310660484828986e+02 7.981356598571874201e+02 7.979528560800972627e+02 7.975307852442711010e+02 7.972775865656221868e+02 7.964424798878535512e+02 7.955852435965716722e+02 7.941232375276122184e+02 7.934990464691909438e+02 7.924055414980939531e+02 7.907346482243556238e+02 7.882822106104104023e+02 7.859284683818514168e+02 7.836772439848537033e+02
6.993816879115456686e+00 6.994071560215161298e+00 6.993840580219512049e+00 6.992380544046682189e+00 6.991928635150088667e+00 6.990701323771872921e+00 6.988017784890644180e+00 6.984932249222083556e+00 6.983393980641153576e+00 6.979856029394966299e+00 6.977664213227797063e+00 6.971004358878701623e+00 6.964412263328824793e+00 6.952032392384751347e+00 6.946909654434477943e+00 6.938130112015244322e+00 6.924238373274476999e+00 6.904768532755440447e+00 6.886546498178347520e+00 6.867821354184286520e+00
4.447959409672766924e+02 4.448043185766873648e+02 4.447894840496446704e+02 4.446951987822831143e+02 4.446638339482597075e+02 4.445841062139515998e+02 4.443962149884027895e+02 4.441860417546267854e+02 4.440864593999212957e+02 4.438569023365453177e+02 4.437176085131395666e+02 4.432722733564696682e+02 4.428197768325590005e+02 4.420184131372698175e+02 4.416786726562240801e+02 4.410912165960435232e+02 4.401808650071143347e+02 4.388676874216216675e+02 4.376214314665448910e+02 4.363930826797186455e+02
2.090322605747278430e+02 2.090429428661445854e+02 2.090360513360355981e+02 2.089925491756002884e+02 2.089799975917921984e+02 2.089436962819600012e+02 2.088703784630270093e+02 2.087839788182609482e+02 2.087386150615566294e+02 2.086344202001600934e+02 2.085688143621046038e+02 2.083788671814654663e+02 2.081957659472864179e+02 2.078321922239310879e+02 2.076855386376091701e+02 2.074357308302687670e+02 2.070322735246782031e+02 2.064827559713130540e+02 2.059756701443448037e+02 2.054331714308545997e+02
1.657485325419536082e+00 1.657462662219408855e+00 1.657417173619982975e+00 1.657130091022786189e+00 1.657018680623814078e+00 1.656769754527822158e+00 1.656070445439858929e+00 1.655313670256752800e+00 1.654994710463192575e+00 1.654259244676602236e+00 1.653827003884650537e+00 1.652283051713020257e+00 1.650629806948181511e+00 1.648001307002033400e+00 1.646818152731640339e+00 1.644757291976844726e+00 1.641701300942344233e+00 1.637022746744122514e+00 1.632466017740767938e+00 1.628299259636463603e+00
8.873867183730368424e-01 8.873791176732623853e-01 8.873534007732217788e-01 8.871890573721969986e-01 8.871279803723695068e-01 8.869873651720894259e-01 8.866103830756486559e-01 8.862048331817931057e-01 8.860279796826517895e-01 8.856206763852725317e-01 8.853760036855220505e-01 8.845319459927765138e-01 8.836424419059056845e-01 8.821884998199465144e-01 8.815537498312977505e-01 8.804389513463348749e-01 8.787728733668842551e-01 8.762580625039078086e-01 8.738104332384324380e-01 8.715444082703101003e-01
3.024004890126548162e-01 3.024028801125808741e-01 3.023931635127894424e-01 3.023298839144530348e-01 3.023085811149712754e-01 3.022557625162249906e-01 3.021304055183975379e-01 3.019957290205610434e-01 3.019317544216946203e-01 3.017843298245814765e-01 3.016932943260961508e-01 3.014019355305954662e-01 3.011069423345738016e-01 3.005914254417376696e-01 3.003789834441548123e-01 3.000019323501774693e-01 2.994236065591522333e-01 2.985840219709956500e-01 2.977752649824907394e-01 2.969964237938285123e-01
