2.895954915348930359e+08 2.895952119534416199e+08 2.895842502868156433e+08 2.894906954167137146e+08 2.893601310389060974e+08 2.893330936090660095e+08 2.891193353125267029e+08 2.888610159020500183e+08 2.887310290237770081e+08 2.884878295117988586e+08 2.882626676986808777e+08 2.876900018694038391e+08 2.871947913673667908e+08 2.864295412439613342e+08 2.861889715264625549e+08 2.856866230842704773e+08 2.846469344229545593e+08 2.834215030801734924e+08 2.823099727866706848e+08 2.813827591407814026e+08
5.262163548019714355e+08 5.262147470164489746e+08 5.261904859662780762e+08 5.259865394434814453e+08 5.257015341809997559e+08 5.256412069579162598e+08 5.251741213963623047e+08 5.246261751767883301e+08 5.243501390643768311e+08 5.238385967557525635e+08 5.233652110531005859e+08 5.221605406390075684e+08 5.211213173248138428e+08 5.195151513281402588e+08 5.190119180086822510e+08 5.179518626519775391e+08 5.157594724148254395e+08 5.131855735666809082e+08 5.108462734421997070e+08 5.089005122344665527e+08
1.340440252155080088e+03 1.340438965420602472e+03 1.340388243675013655e+03 1.339955336015162175e+03 1.339351176223441144e+03 1.339226070224380237e+03 1.338236955678978120e+03 1.337041596144918003e+03 1.336440084870977444e+03 1.335314674155917601e+03 1.334272729165575583e+03 1.331622719347666134e+03 1.329331131215571077e+03 1.325789913365748362e+03 1.324676668660380528e+03 1.322352063893005834e+03 1.317540922179774498e+03 1.311870234657617402e+03 1.306726650600045105e+03 1.302435955010660109e+03
2.387638147195364581e+03 2.387630812864314066e+03 2.387520583438716130e+03 2.386594044922298053e+03 2.385299241153901676e+03 2.385025132786628092e+03 2.382903105299250456e+03 2.380414177042228403e+03 2.379160336062515853e+03 2.376836891014099820e+03 2.374686763466597768e+03 2.369215093052393058e+03 2.364494961670628982e+03 2.357199792169121793e+03 2.354914164761052234e+03 2.350099246755620698e+03 2.340141153251897776e+03 2.328450493311538594e+03 2.317825241067359457e+03 2.308987640250910772e+03
2.059257324444448948e+07 2.059252308329737186e+07 2.059186291071379185e+07 2.058621302886641026e+07 2.057826809769785404e+07 2.057665065076506138e+07 2.056382010953390598e+07 2.054715518711340427e+07 2.053892535575950146e+07 2.052301813539206982e+07 2.050849581760418415e+07 2.047088589976704121e+07 2.043805036913359165e+07 2.038772731559312344e+07 2.037165638867700100e+07 2.033880502999508381e+07 2.027023742660248280e+07 2.018958883362305164e+07 2.011651796049797535e+07 2.005538637812602520e+07
1.897012891412372589e+08 1.897008270506381989e+08 1.896947454605808258e+08 1.896426980628452301e+08 1.895695083913974762e+08 1.895546082738590240e+08 1.894364117692623138e+08 1.892828924778614044e+08 1.892070782707891464e+08 1.890605390211000443e+08 1.889267576634407043e+08 1.885802905254688263e+08 1.882778056243343353e+08 1.878142235331125259e+08 1.876661761993074417e+08 1.873635454874916077e+08 1.867318923829746246e+08 1.859889477336788177e+08 1.853158099633922577e+08 1.847526583917722702e+08
7.457964086481401920e+08 7.457964208597977161e+08 7.457701429444811344e+08 7.455545382958481312e+08 7.452399731951773167e+08 7.451784000857765675e+08 7.446809347933475971e+08 7.439930110825932026e+08 7.436572500297799110e+08 7.429731151036777496e+08 7.423674120479505062e+08 7.407680039511730671e+08 7.393850239695036411e+08 7.372406427496719360e+08 7.365540755256128311e+08 7.351695566727225780e+08 7.322315138770287037e+08 7.288017063413479328e+08 7.257157457331869602e+08 7.231328675687174797e+08
2.715900162865875244e+09 2.715900267394893646e+09 2.715804457019844055e+09 2.715018932135879517e+09 2.713872025914659500e+09 2.713647695228393555e+09 2.711834786121091843e+09 2.709323311032789230e+09 2.708098005609045982e+09 2.705598393726828575e+09 2.703386789602890015e+09 2.697543644175367355e+09 2.692491343427167892e+09 2.684657134809399605e+09 2.682148286238408089e+09 2.677091279658287048e+09 2.666356100275449753e+09 2.653825916998807907e+09 2.642553204096090317e+09 2.633117803134371758e+09
4.989843317593542452e+03 4.989839031845891441e+03 4.989671509564599546e+03 4.988311432500930096e+03 4.986307685354353453e+03 4.985917118090299482e+03 4.982761311500078591e+03 4.978377383287857811e+03 4.976239354922036000e+03 4.971847749534885224e+03 4.967955946415233484e+03 4.957666821520404483e+03 4.948816924505263160e+03 4.935001879200812255e+03 4.930581805473084387e+03 4.921666318366456835e+03 4.902719438803243975e+03 4.880624786800799484e+03 4.860782743664320151e+03 4.844176028977213718e+03
1.410215413231190178e+04 1.410214454076319817e+04 1.410167573157252627e+04 1.409790656901008333e+04 1.409230114598848741e+04 1.409121466202937881e+04 1.408244958885569940e+04 1.407014758272838662e+04 1.406414714845924755e+04 1.405170313246283331e+04 1.404069045680025010e+04 1.401153889281672309e+04 1.398657521957342396e+04 1.394735328320731060e+04 1.393480754779107519e+04 1.390955967242908082e+04 1.385574218693582225e+04 1.379309640142341959e+04 1.373697909867993440e+04 1.368995942720028688e+04
1.546266221644355683e+06 1.546266226960644824e+06 1.546211873764905846e+06 1.545766763284381246e+06 1.545115933090399718e+06 1.544988979501344031e+06 1.543960045694121858e+06 1.542530622393563157e+06 1.541833990437196800e+06 1.540409993884812808e+06 1.539151325465002330e+06 1.535822463139827130e+06 1.532944588590970961e+06 1.528482604919412872e+06 1.527053467682622140e+06 1.524173265283766435e+06 1.518057739239003276e+06 1.510918549476489192e+06 1.504495668558235979e+06 1.499121090471781092e+06
1.730187590357905719e+03 1.730184173355519306e+03 1.730128840865625534e+03 1.729650824528129306e+03 1.728989969441376161e+03 1.728851752371352632e+03 1.727767323566542473e+03 1.726459556383371819e+03 1.725804005991492886e+03 1.724593855887942482e+03 1.723462947113963310e+03 1.720594854464463424e+03 1.718096563825209159e+03 1.714267991756496485e+03 1.713062370727595408e+03 1.710534915632859338e+03 1.705338988905248698e+03 1.699201085579639766e+03 1.693608053106872831e+03 1.688941631138965022e+03
2.725116020808410645e+07 2.725141968079376221e+07 2.725030879515838623e+07 2.724049559231567383e+07 2.722767371187973022e+07 2.722464749982070923e+07 2.720460098247146606e+07 2.718575725791168213e+07 2.717494583152157068e+07 2.715859891967767477e+07 2.714167864039909840e+07 2.710487462378835678e+07 2.707366668194341660e+07 2.702211605416172743e+07 2.700692443608158827e+07 2.697332100370395184e+07 2.690557915805649757e+07 2.682772495748734474e+07 2.675795473893189430e+07 2.669791812503033876e+07
2.466980969069786072e+08 2.467005427598228455e+08 2.466923989740371704e+08 2.466223923240432739e+08 2.465264374158058167e+08 2.465058060760917664e+08 2.463473416338920593e+08 2.461752400044288635e+08 2.460843008549022675e+08 2.459232393282871246e+08 2.457698037188453674e+08 2.453957547230148315e+08 2.450776891551361084e+08 2.445735388194103241e+08 2.444194084144382477e+08 2.440901161167373657e+08 2.434152976869506836e+08 2.426200583377456665e+08 2.419021554648246765e+08 2.412964484543056488e+08
1.064296346929702908e+06 1.064249123710248619e+06 1.064230553290460259e+06 1.064075553473565727e+06 1.063860446848008782e+06 1.063811790000531822e+06 1.063385860038254410e+06 1.062902708022210747e+06 1.062707897951144725e+06 1.062359236070800573e+06 1.062020081462327391e+06 1.061049852935526520e+06 1.060099490752790123e+06 1.058863877534795552e+06 1.058408791196990758e+06 1.057367336275879294e+06 1.055470706293676049e+06 1.053119933822575957e+06 1.050854803194228560e+06 1.049173154135007411e+06
4.586828560688138008e+06 4.586912373108148575e+06 4.586722016360759735e+06 4.585076693337202072e+06 4.582828872511744499e+06 4.582344511627912521e+06 4.578829439952969551e+06 4.574852668801069260e+06 4.572718026880696416e+06 4.568948861145421863e+06 4.565347692906290293e+06 4.556765645360827446e+06 4.549466699570298195e+06 4.537689420923694968e+06 4.534105822173461318e+06 4.526561256255835295e+06 4.510896924495041370e+06 4.492740179330646992e+06 4.476504078982174397e+06 4.462571211290970445e+06
2.118864055881714821e+07 2.118867920768284798e+07 2.118796662107539177e+07 2.118177535885167122e+07 2.117322831906819344e+07 2.117143964024567604e+07 2.115768549360299110e+07 2.114071325736880302e+07 2.113212354956120253e+07 2.111614336969405413e+07 2.110125159028255939e+07 2.106365907538771629e+07 2.103090694371342659e+07 2.098032341950851679e+07 2.096435331630617380e+07 2.093139029682171345e+07 2.086300612242174149e+07 2.078265125158381462e+07 2.070990207418417931e+07 2.064866001692408323e+07
3.901958401347534180e+09 3.902020106476928711e+09 3.901887461406982422e+09 3.900747967307495117e+09 3.899164456469116211e+09 3.898834801797485352e+09 3.896389196464843750e+09 3.893378195312866211e+09 3.891796687090789795e+09 3.888849465825958252e+09 3.886106854053771973e+09 3.879378911274902344e+09 3.873625801545288086e+09 3.864408089695220947e+09 3.861555243565582275e+09 3.855707226536804199e+09 3.843393160516967773e+09 3.829106082250976562e+09 3.816363126042602539e+09 3.805442064602996826e+09
8.521000130610191263e+02 8.521247681678651134e+02 8.520930362556682667e+02 8.518207054695230909e+02 8.514451972256356385e+02 8.513653861723287264e+02 8.507964593331562355e+02 8.501366687530826312e+02 8.497736105679214234e+02 8.491175279870803934e+02 8.484978160964383278e+02 8.470374113291327376e+02 8.458122957765153842e+02 8.437793618394207442e+02 8.431657469641213538e+02 8.418994215536804404e+02 8.392205360401567305e+02 8.361440652640303597e+02 8.334344513889955124e+02 8.310700591549684759e+02
1.943926251403667038e-01 1.944014532405802242e-01 1.943955643403185718e-01 1.943427841387403987e-01 1.942709850359207735e-01 1.942559269354120488e-01 1.941580268318503499e-01 1.940308462269157985e-01 1.939569903244313664e-01 1.938205228185898576e-01 1.936917606139179071e-01 1.933992532023260935e-01 1.931543056938131997e-01 1.927314182771437956e-01 1.926035829720502690e-01 1.923566601624333572e-01 1.918138081390381444e-01 1.912027958145792184e-01 1.906819367935526088e-01 1.902047096768848533e-01
7.993028676102112513e+02 7.993072327357367612e+02 7.992799046375148464e+02 7.990416553410759661e+02 7.987150788650615141e+02 7.986458999544556718e+02 7.981238749854383059e+02 7.974996534834790509e+02 7.971777387842230382e+02 7.965914392146296450e+02 7.960389575263398001e+02 7.946704993589664809e+02 7.934845751125394600e+02 7.916325852531663259e+02 7.910538231424216065e+02 7.898517401978460839e+02 7.873619550597068155e+02 7.844435258003068157e+02 7.818084580930153606e+02 7.795793466955292388e+02
6.993816879115456686e+00 6.994071560215161298e+00 6.993840591619346014e+00 6.991842939052503425e+00 6.989071909795939064e+00 6.988497121307545967e+00 6.984516268646757453e+00 6.979513752791035586e+00 6.976720838726066631e+00 6.971510876992908834e+00 6.966650497154773802e+00 6.955263613460829220e+00 6.945735035651296130e+00 6.929637054658826401e+00 6.924762970119502370e+00 6.915036169817881273e+00 6.894006017384072038e+00 6.870082268927035329e+00 6.849315843874137499e+00 6.830857610544569525e+00
4.447959409672766924e+02 4.448043185766873648e+02 4.447894848200667184e+02 4.446613302321202355e+02 4.444838701012631645e+02 4.444468296085397014e+02 4.441759604400431272e+02 4.438422698354988825e+02 4.436648598503561516e+02 4.433354918524528330e+02 4.430280795224316535e+02 4.422814821742067579e+02 4.416447371150425170e+02 4.406157914025789069e+02 4.402982932711856847e+02 4.396509762693531229e+02 4.382826335022255080e+02 4.367000122671743156e+02 4.352951202625845326e+02 4.340829482405570161e+02
2.090322605747278430e+02 2.090429428661445854e+02 2.090360517676381278e+02 2.089764086721697822e+02 2.088936720156125375e+02 2.088765190850172075e+02 2.087638889486770495e+02 2.086208244766967255e+02 2.085372655317005410e+02 2.083813730695655977e+02 2.082357593363994965e+02 2.079057638432277599e+02 2.076344490790943382e+02 2.071570880054678128e+02 2.070150149233850243e+02 2.067366505460740882e+02 2.061226496755698463e+02 2.054349712289840681e+02 2.048505245071719401e+02 2.043163571210570808e+02
1.657485325419536082e+00 1.657462662219408855e+00 1.657417176319817997e+00 1.657024170523804685e+00 1.656478216732288899e+00 1.656365405734099738e+00 1.655435565043596569e+00 1.654285003363433759e+00 1.653733094672638515e+00 1.652694935498224993e+00 1.651733580017314296e+00 1.649203756175261049e+00 1.646966574620414292e+00 1.643650067398418457e+00 1.642583687423375238e+00 1.640342638867757330e+00 1.635779082375329097e+00 1.630327353395550460e+00 1.625296097298068787e+00 1.621172457585707605e+00
8.873867183730368424e-01 8.873791176732623853e-01 8.873534025732254804e-01 8.871257612706671125e-01 8.868155849695398274e-01 8.867500020692062890e-01 8.862327650684136415e-01 8.856027119719982466e-01 8.852916559719545830e-01 8.847218976802224688e-01 8.841854346836299783e-01 8.828101241021357737e-01 8.815930953181663199e-01 8.797685379416151363e-01 8.791846875501363456e-01 8.779679862652045585e-01 8.754838272034106694e-01 8.725297696451974616e-01 8.698206637817094133e-01 8.675706366086473054e-01
3.024004890126548162e-01 3.024028801125808741e-01 3.023931642128019348e-01 3.023055110145662638e-01 3.021883028170293528e-01 3.021628311176414172e-01 3.019775954216896707e-01 3.017592867250442623e-01 3.016441763268566945e-01 3.014410738297819137e-01 3.012455444325681242e-01 3.007723806394011490e-01 3.003592825454859394e-01 2.997130326545835999e-01 2.995108898572347300e-01 2.990951971635453788e-01 2.982352801760583816e-01 2.972288161901701642e-01 2.963233900033515056e-01 2.955477912146839969e-01
