2.895954915348930359e+08 2.895952119534416199e+08 2.895858425823783875e+08 2.894913207076835632e+08 2.893836904249839783e+08 2.893265462704582214e+08 2.892162330274620056e+08 2.890090512814216614e+08 2.888962768266792297e+08 2.886853661133995056e+08 2.884999191075706482e+08 2.879849126005821228e+08 2.874302529901161194e+08 2.868255676403694153e+08 2.865856556761436462e+08 2.860993673764610291e+08 2.852030091170005798e+08 2.840322280707588196e+08 2.828527958971061707e+08 2.818980876502876282e+08
5.262163548019714355e+08 5.262147470164489746e+08 5.261932392355651855e+08 5.259864339278564453e+08 5.257497931920166016e+08 5.256281136593627930e+08 5.253912738098754883e+08 5.249494735960083008e+08 5.247064283697204590e+08 5.242595439468078613e+08 5.238618529257507324e+08 5.227797404468688965e+08 5.216174396100158691e+08 5.203518462449645996e+08 5.198470949486541748e+08 5.188264211060333252e+08 5.169497099563751221e+08 5.144977586259460449e+08 5.120118971467437744e+08 5.100122650984039307e+08
1.340440252155080088e+03 1.340438965420602472e+03 1.340395613803426386e+03 1.339958234311328852e+03 1.339460204171031364e+03 1.339195773214814835e+03 1.338685315571274259e+03 1.337726605794581701e+03 1.337204757494109799e+03 1.336228772451766417e+03 1.335370633155704127e+03 1.332987439523523790e+03 1.330420753512313240e+03 1.327622552934699343e+03 1.326512359201573418e+03 1.324262060610941262e+03 1.320114128209839691e+03 1.314696321764218737e+03 1.309238536751145148e+03 1.304820603329470032e+03
2.387638147195364581e+03 2.387630812864314066e+03 2.387533071707963245e+03 2.386593524209019961e+03 2.385518396439059870e+03 2.384965680292953039e+03 2.383889803040685365e+03 2.381882950143801281e+03 2.380778860487655038e+03 2.378749000660813181e+03 2.376942453925468726e+03 2.372027483486250276e+03 2.366748379639670020e+03 2.361000181189359864e+03 2.358707575918786461e+03 2.354071689311909722e+03 2.345547840659419307e+03 2.334411270312237320e+03 2.323120219803851796e+03 2.314038045929250075e+03
2.059257324444448948e+07 2.059252308329737186e+07 2.059199706133234501e+07 2.058629862691938877e+07 2.057977892900478840e+07 2.057610966666805744e+07 2.056908720635139942e+07 2.055570800056135654e+07 2.054860256434357166e+07 2.053500782691562176e+07 2.052333265237462521e+07 2.048951290470993519e+07 2.045272385132586956e+07 2.041263962303817272e+07 2.039693363473379612e+07 2.036478185317718983e+07 2.030554184013092518e+07 2.022808989815127850e+07 2.015010548029983044e+07 2.008679661485230923e+07
1.897012891412372589e+08 1.897008270506381989e+08 1.896959812724628448e+08 1.896434866023349762e+08 1.895834263530712128e+08 1.895496246621875763e+08 1.894849329042530060e+08 1.893616820340785980e+08 1.892962258916835785e+08 1.891709895166273117e+08 1.890634363894586563e+08 1.887518847608642578e+08 1.884129795255689621e+08 1.880437187383527756e+08 1.878990332632961273e+08 1.876028471400318146e+08 1.870571209326267242e+08 1.863436242220048904e+08 1.856252222789888382e+08 1.850420133083810806e+08
7.457964086481401920e+08 7.457964208597977161e+08 7.457774133964359760e+08 7.455562163388006687e+08 7.453008716869080067e+08 7.451482296162283421e+08 7.448620999613602161e+08 7.443117787991611958e+08 7.440179645484058857e+08 7.434418514160351753e+08 7.429655509427719116e+08 7.415398003288104534e+08 7.399662160549855232e+08 7.382572114520974159e+08 7.375897908049423695e+08 7.362145132303392887e+08 7.336835009944756031e+08 7.304059348641166687e+08 7.270964578922519684e+08 7.243864262278785706e+08
2.715900162865875244e+09 2.715900267394893646e+09 2.715831146442218781e+09 2.715025032224597931e+09 2.714094257772249222e+09 2.713536933103282928e+09 2.712492642084180832e+09 2.710483539879774094e+09 2.709411081937358856e+09 2.707306938460331917e+09 2.705568772589299202e+09 2.700360759231952667e+09 2.694610947936766624e+09 2.688366746406950951e+09 2.685928707265935898e+09 2.680903827252748489e+09 2.671656358765485764e+09 2.659682476753327370e+09 2.647591705229861259e+09 2.637689383764504433e+09
4.989843317593542452e+03 4.989839031845891441e+03 4.989718855206134322e+03 4.988317239156553114e+03 4.986693509190670738e+03 4.985719837769611331e+03 4.983902246400924923e+03 4.980406976748236048e+03 4.978521623841814289e+03 4.974826901539527171e+03 4.971772616501089942e+03 4.962649037879578827e+03 4.952549291892508336e+03 4.941553270095559128e+03 4.937240183725931274e+03 4.928405897840020771e+03 4.912088973687590624e+03 4.891060670013779600e+03 4.869762462144783058e+03 4.852294786509773985e+03
1.410215413231190178e+04 1.410214454076319817e+04 1.410181341389866429e+04 1.409791346221111598e+04 1.409338520141315530e+04 1.409064656146799098e+04 1.408557130868846434e+04 1.407580114462503116e+04 1.407048043387147482e+04 1.406003089394888957e+04 1.405141631851988495e+04 1.402568415348543203e+04 1.399713487013944541e+04 1.396596105663062190e+04 1.395370313574114698e+04 1.392870800245131250e+04 1.388236603964629467e+04 1.382294176253248588e+04 1.376263651086497703e+04 1.371305409241924644e+04
1.546266221644355683e+06 1.546266226960644824e+06 1.546227225696982583e+06 1.545770157120764023e+06 1.545242137294543674e+06 1.544925071874061367e+06 1.544330949238163186e+06 1.543187299549440620e+06 1.542577516253185226e+06 1.541379645532082999e+06 1.540391851814947790e+06 1.537425119441545801e+06 1.534146832086268114e+06 1.530589005745424191e+06 1.529200216679335339e+06 1.526336217938003829e+06 1.521067966200764058e+06 1.514245980199678568e+06 1.507357283393806545e+06 1.501714075451405486e+06
1.730187590357905719e+03 1.730184173355519306e+03 1.730136118689959403e+03 1.729655682255455758e+03 1.729108321248029824e+03 1.728821091716934461e+03 1.728261026359454263e+03 1.727209687794616912e+03 1.726643323154479731e+03 1.725589696710871067e+03 1.724654662329645362e+03 1.722064009074761998e+03 1.719283221069083083e+03 1.716250686068029609e+03 1.715049164508178364e+03 1.712614358017512131e+03 1.708129463581892196e+03 1.702247807091975119e+03 1.696312455825682264e+03 1.691531232436129358e+03
2.725116020808410645e+07 2.725141968079376221e+07 2.725019582173156738e+07 2.724047959609222412e+07 2.722979181907272339e+07 2.722536885062408447e+07 2.721706590358734131e+07 2.720251811594009399e+07 2.719307292565155029e+07 2.717749626120144129e+07 2.716146844906991720e+07 2.712819529368579388e+07 2.709663402038484812e+07 2.705863712827593088e+07 2.704257262022995949e+07 2.701312448928284645e+07 2.695507870971202850e+07 2.688250579886454344e+07 2.680854977016657591e+07 2.675021130344218016e+07
2.466980969069786072e+08 2.467005427598228455e+08 2.466929555695953369e+08 2.466225337670974731e+08 2.465435894288139343e+08 2.465047744908370972e+08 2.464304910338287354e+08 2.462946720279808044e+08 2.462159363509025574e+08 2.460727607969226837e+08 2.459415538265247345e+08 2.456053964843139648e+08 2.452550595084056854e+08 2.448658379580097198e+08 2.447089249187088013e+08 2.443986299462966919e+08 2.438148658156738281e+08 2.430617583964672089e+08 2.423068243736820221e+08 2.416931811328296661e+08
1.064296346929702908e+06 1.064249123710248619e+06 1.064230917384240776e+06 1.064073005391690880e+06 1.063869970810744911e+06 1.063775897938106209e+06 1.063529460934314877e+06 1.063060963790956885e+06 1.062858550395552069e+06 1.062555262438643724e+06 1.062262252690214664e+06 1.061327537821087986e+06 1.060221981518317014e+06 1.059183324437964708e+06 1.058746773938540369e+06 1.057795376101735979e+06 1.056289677453521639e+06 1.053998134412396699e+06 1.051548188813973218e+06 1.049863797716725618e+06
4.586828560688138008e+06 4.586912373108148575e+06 4.586734901926636696e+06 4.585083649372100830e+06 4.583246142417430878e+06 4.582341206158041954e+06 4.580673102579712868e+06 4.577601401119232178e+06 4.575763615253686905e+06 4.572410950575664639e+06 4.569330138008996844e+06 4.561656486297100782e+06 4.553789349696949124e+06 4.544788368975833058e+06 4.541147152573525906e+06 4.534094283010661602e+06 4.520557883207559586e+06 4.503502463788136840e+06 4.486269029707297683e+06 4.472176040033563972e+06
2.118864055881714821e+07 2.118867920768284798e+07 2.118807110722804070e+07 2.118186692581295967e+07 2.117483954972147942e+07 2.117107966639494896e+07 2.116391720338654518e+07 2.115039764840769768e+07 2.114302164741301537e+07 2.112917249708813429e+07 2.111693229074555635e+07 2.108306214039361477e+07 2.104689357629650831e+07 2.100699735325759649e+07 2.099124401650881767e+07 2.095947353254389763e+07 2.090031177339577675e+07 2.082337655424553156e+07 2.074598120958286524e+07 2.068318296372467279e+07
3.901958401347534180e+09 3.902020106476928711e+09 3.901906775109741211e+09 3.900759101601318359e+09 3.899477561382568359e+09 3.898795253428833008e+09 3.897557349062744141e+09 3.895230759182250977e+09 3.893875615932861328e+09 3.891315465447967529e+09 3.889053389040679932e+09 3.883050449619567871e+09 3.876756352407684326e+09 3.869630974178436279e+09 3.866792698295532227e+09 3.861194938703735352e+09 3.850511991604492188e+09 3.837029343507354736e+09 3.823480210780670166e+09 3.812290511515655518e+09
8.521000130610191263e+02 8.521247681678651134e+02 8.520961584337783279e+02 8.518219969936471898e+02 8.515203832053957740e+02 8.513672283814084949e+02 8.510984657534281723e+02 8.506022090665792348e+02 8.502914020241587423e+02 8.497127255807863548e+02 8.491889732140843989e+02 8.478948022175318329e+02 8.465798516178765567e+02 8.450459165637294063e+02 8.444260613930091495e+02 8.432387324358714977e+02 8.409114355008787243e+02 8.380479848831018899e+02 8.351743176269228570e+02 8.327739550436817808e+02
1.943926251403667038e-01 1.944014532405802242e-01 1.943965318403755305e-01 1.943442863384845509e-01 1.942889904363127584e-01 1.942584309351147454e-01 1.942111180330812203e-01 1.941217816298248522e-01 1.940611193271521984e-01 1.939428559222458048e-01 1.938373917184597062e-01 1.935808022090821368e-01 1.933290645983669620e-01 1.930163223868648359e-01 1.928918349816761690e-01 1.926604731714967045e-01 1.921804142524941028e-01 1.916165239308424972e-01 1.910617643075225303e-01 1.905780249879347465e-01
7.993028676102112513e+02 7.993072327357367612e+02 7.992830679711478297e+02 7.990446376806939952e+02 7.987763891350186896e+02 7.986371111406187993e+02 7.983738829426292796e+02 7.978807804037642200e+02 7.976047328524582554e+02 7.970921013688712264e+02 7.966318774350293097e+02 7.954001098725420889e+02 7.941013668975574546e+02 7.926537017167938757e+02 7.920778574852301972e+02 7.909300296772562433e+02 7.887743730863294331e+02 7.859921373699253309e+02 7.831935001168676536e+02 7.809195284432425979e+02
6.993816879115456686e+00 6.994071560215161298e+00 6.993876665619154664e+00 6.991869881251432162e+00 6.989692585286093163e+00 6.988515708206250565e+00 6.986567651125824341e+00 6.982911788147475818e+00 6.980557393684421186e+00 6.976031560945500587e+00 6.972029735103262738e+00 6.962003652192038317e+00 6.951859766842005683e+00 6.939774746767341185e+00 6.934936815518312869e+00 6.925734985293502177e+00 6.907327376412240483e+00 6.885163391124081045e+00 6.863078814219591095e+00 6.844235032910830796e+00
4.447959409672766924e+02 4.448043185766873648e+02 4.447916143934999127e+02 4.446628596793743782e+02 4.445200079235073645e+02 4.444438521578267682e+02 4.443077069335413398e+02 4.440522547964646947e+02 4.439008977351331851e+02 4.436144619995211542e+02 4.433606135150585033e+02 4.426956460112050991e+02 4.420038887712762516e+02 4.412126649996243941e+02 4.408973524618195370e+02 4.402796208276267862e+02 4.390900382443360286e+02 4.375998077201475098e+02 4.361057692660506291e+02 4.348657731126113504e+02
2.090322605747278430e+02 2.090429428661445854e+02 2.090371501133558922e+02 2.089772526276283315e+02 2.089135127646295587e+02 2.088788859989144839e+02 2.088255195687816013e+02 2.087255688477162039e+02 2.086557674039140693e+02 2.085202512921423477e+02 2.084002426768020086e+02 2.081127556052670116e+02 2.078300486624611949e+02 2.074796127072950185e+02 2.073385522612443310e+02 2.070777607882700977e+02 2.065373800339220907e+02 2.059099574570827826e+02 2.052881639693550824e+02 2.047442995684650668e+02
1.657485325419536082e+00 1.657462662219408855e+00 1.657424447519410649e+00 1.657029297723106254e+00 1.656570816927789735e+00 1.656323938733173406e+00 1.655822348041105840e+00 1.654872433358029582e+00 1.654393025966946595e+00 1.653498034587975951e+00 1.652715457501919616e+00 1.650415701552041980e+00 1.647886291908257306e+00 1.645202542770611842e+00 1.644149341193489988e+00 1.641961870442962379e+00 1.638034477133935241e+00 1.632747294551499806e+00 1.627401543669115824e+00 1.623152408669163549e+00
8.873867183730368424e-01 8.873791176732623853e-01 8.873567719729038572e-01 8.871303496714375569e-01 8.868717271702593052e-01 8.867348142712643266e-01 8.864630538731859133e-01 8.859502011771240859e-01 8.856835837786860566e-01 8.851886665840282831e-01 8.847468073845874414e-01 8.834962788992442029e-01 8.821482670210372135e-01 8.806876671406911328e-01 8.801138299475752547e-01 8.789398903668228513e-01 8.767926184960543878e-01 8.739316837377515412e-01 8.710536414786105297e-01 8.687535845134704005e-01
3.024004890126548162e-01 3.024028801125808741e-01 3.023940058128289365e-01 3.023075840146560722e-01 3.022116904167972962e-01 3.021626053175765492e-01 3.020711526191348639e-01 3.019004811220185047e-01 3.018033885237940694e-01 3.016244050265832755e-01 3.014597791294768570e-01 3.010324204357104350e-01 3.005915220416817135e-01 3.000897232484156518e-01 2.998906570512644976e-01 2.994989192565924441e-01 2.987502547664604435e-01 2.977878919792154022e-01 2.968267289936825648e-01 2.960439206044078730e-01
