2.895954915348930359e+08 2.895952119534416199e+08 2.895858446763114929e+08 2.895169644465141296e+08 2.894182471501884460e+08 2.893381724023170471e+08 2.891518536313972473e+08 2.889170684306755066e+08 2.888170873749580383e+08 2.886146144169502258e+08 2.884026837423973083e+08 2.877690393443870544e+08 2.871824565482673645e+08 2.864893284169425964e+08 2.862918268443717957e+08 2.858184636858634949e+08 2.849146563717536926e+08 2.836205917982139587e+08 2.824107548211631775e+08 2.812725179452400208e+08
5.262163548019714355e+08 5.262147470164489746e+08 5.261932461719665527e+08 5.260396201528015137e+08 5.258299853526916504e+08 5.256615386529235840e+08 5.252679870412902832e+08 5.247636792121582031e+08 5.245486310385437012e+08 5.241147943906555176e+08 5.236689158610992432e+08 5.223263999028015137e+08 5.210962613721466064e+08 5.196328214131469727e+08 5.192238685115661621e+08 5.182338526231079102e+08 5.163398147985534668e+08 5.136342046015167236e+08 5.110913482590484619e+08 5.087052919405517578e+08
1.340440252155080088e+03 1.340438965420602472e+03 1.340395623481148505e+03 1.340076904875822947e+03 1.339620091968055931e+03 1.339249544272330240e+03 1.338387363210393232e+03 1.337300931021585711e+03 1.336838283121018321e+03 1.335901358013288700e+03 1.334920642723052879e+03 1.331988482086060685e+03 1.329274066387166386e+03 1.326066625929975999e+03 1.325152665355723002e+03 1.322962165035554790e+03 1.318779768469699775e+03 1.312791462969165877e+03 1.307192965863694553e+03 1.301925751762420987e+03
2.387638147195364581e+03 2.387630812864314066e+03 2.387533103289111750e+03 2.386835075363080250e+03 2.385882850390422391e+03 2.385117759013111936e+03 2.383330180495191598e+03 2.381039287230203627e+03 2.380062391697516432e+03 2.378091660154255806e+03 2.376066461191076087e+03 2.369968414129136363e+03 2.364381173246802064e+03 2.357734008533909218e+03 2.355876715341262752e+03 2.351380180397682125e+03 2.342777584159426624e+03 2.330489039499167120e+03 2.318939312534028431e+03 2.308101973257929785e+03
2.059257324444448948e+07 2.059252308329737186e+07 2.059199724084150791e+07 2.058790581557619572e+07 2.058180046830093861e+07 2.057664935733807087e+07 2.056463754438793659e+07 2.054949616606271267e+07 2.054311657972514629e+07 2.053043655457007885e+07 2.051666100324738026e+07 2.047573071872007847e+07 2.043707909680330753e+07 2.039176094537889957e+07 2.037852087290441990e+07 2.034697239324486256e+07 2.028736644221222401e+07 2.020156049402558804e+07 2.012171228723037243e+07 2.004654708425557613e+07
1.897012891412372589e+08 1.897008270506381989e+08 1.896959829261264801e+08 1.896582922195072174e+08 1.896020490187358856e+08 1.895545963586635590e+08 1.894439420767421722e+08 1.893044578586874008e+08 1.892456883336915970e+08 1.891288784008646011e+08 1.890019763469047546e+08 1.886249215872936249e+08 1.882688581450023651e+08 1.878513818210830688e+08 1.877294126628837585e+08 1.874387842299537659e+08 1.868896869566497803e+08 1.860992321227293015e+08 1.853636607277135849e+08 1.846712297332525253e+08
7.457964086481401920e+08 7.457964208597977161e+08 7.457774139071476460e+08 7.456175087843410969e+08 7.453832423396389484e+08 7.451801246071150303e+08 7.446866816457493305e+08 7.440638120200371742e+08 7.438014963037548065e+08 7.432950542843780518e+08 7.427216002398049831e+08 7.410017988070232868e+08 7.393656567086088657e+08 7.374319053134391308e+08 7.368693839620912075e+08 7.355192534031045437e+08 7.329645755672814846e+08 7.292950440532994270e+08 7.259015730995850563e+08 7.226937594089035988e+08
2.715900162865875244e+09 2.715900267394893646e+09 2.715831147831024170e+09 2.715248402694343567e+09 2.714394649194730759e+09 2.713653658224925995e+09 2.711852230904701233e+09 2.709578277269450188e+09 2.708620749646107674e+09 2.706773413795022011e+09 2.704679335367717743e+09 2.698398840415063858e+09 2.692421919805418015e+09 2.685357573405599594e+09 2.683302230828287125e+09 2.678368511974250793e+09 2.669034476955011368e+09 2.655626595845143318e+09 2.643228813751439095e+09 2.631508887305457115e+09
4.989843317593542452e+03 4.989839031845891441e+03 4.989718783819909731e+03 4.988701440791228379e+03 4.987226606258169340e+03 4.985950363306306826e+03 4.982812513706485333e+03 4.978852093844390765e+03 4.977181106660638761e+03 4.973952501158935775e+03 4.970277842605057231e+03 4.959253168796050886e+03 4.948766762652878242e+03 4.936271692360438465e+03 4.932647527527333295e+03 4.923967526424014068e+03 4.907514889169055095e+03 4.883854097587587603e+03 4.862037267186860845e+03 4.841373569138995663e+03
1.410215413231190178e+04 1.410214454076319817e+04 1.410181305566124502e+04 1.409897501037523034e+04 1.409489134076304617e+04 1.409135151979603688e+04 1.408256730208752560e+04 1.407147764172012103e+04 1.406679001377793611e+04 1.405774176270319731e+04 1.404735848208898096e+04 1.401624823224914144e+04 1.398665133207055624e+04 1.395112443611570052e+04 1.394083526019248529e+04 1.391623561119576334e+04 1.386954662459468818e+04 1.380245201611940865e+04 1.374073291166083072e+04 1.368211863649895531e+04
1.546266221644355683e+06 1.546266226960644824e+06 1.546227225838720566e+06 1.545896956756935222e+06 1.545412500073098345e+06 1.544991593719919911e+06 1.543966410655268235e+06 1.542673049074402312e+06 1.542128619195801904e+06 1.541079275862542680e+06 1.539887810927243205e+06 1.536311655993220164e+06 1.532905673434548778e+06 1.528881816263939487e+06 1.527710807889460819e+06 1.524899465227872366e+06 1.519580891778767342e+06 1.511936628946977900e+06 1.504871599134610267e+06 1.498193664762666682e+06
1.730187590357905719e+03 1.730184173355519306e+03 1.730136129084334243e+03 1.729787296078109648e+03 1.729282119167910423e+03 1.728872852269618306e+03 1.727937344375823159e+03 1.726748506546660792e+03 1.726243913150334265e+03 1.725217443457979243e+03 1.724151560397178400e+03 1.720973868133558426e+03 1.718020881677337456e+03 1.714552904471929651e+03 1.713558145756891463e+03 1.711189275395998266e+03 1.706671057918749284e+03 1.700183398322958965e+03 1.694119391940475907e+03 1.688419470333668869e+03
2.725116020808410645e+07 2.725141968079376221e+07 2.725019590152740479e+07 2.724280485427856445e+07 2.723347793400955200e+07 2.722682252149963379e+07 2.721376663859558105e+07 2.719581881360012293e+07 2.718772101398462057e+07 2.716979307604974508e+07 2.715394066306602955e+07 2.710934488229894638e+07 2.707323929006719589e+07 2.702631639132678509e+07 2.701409076174914837e+07 2.698566343853747845e+07 2.692777847213423252e+07 2.685355831434994936e+07 2.678010585745221376e+07 2.670813005057507753e+07
2.466980969069786072e+08 2.467005427598228455e+08 2.466929564541282654e+08 2.466408492037887573e+08 2.465699320407829285e+08 2.465152960569534302e+08 2.463914983513374329e+08 2.462355332190990448e+08 2.461673465381145477e+08 2.460244707137088776e+08 2.458807594336585999e+08 2.454586055364646912e+08 2.450793937878684998e+08 2.446216071504364014e+08 2.444949949741401672e+08 2.441914959159545898e+08 2.436039947203674316e+08 2.427824311339550018e+08 2.420061768018207550e+08 2.412714929990940094e+08
1.064296346929702908e+06 1.064249123710248619e+06 1.064230832232091576e+06 1.064108721402261406e+06 1.063937556293103844e+06 1.063786431897971779e+06 1.063373129555616528e+06 1.062834582451123744e+06 1.062624887357104570e+06 1.062255299446452409e+06 1.061937575838688761e+06 1.060717164694581181e+06 1.059558866222713143e+06 1.058423881504837424e+06 1.058076530696634203e+06 1.057240434649709612e+06 1.055732074080709368e+06 1.053096956619698554e+06 1.050529876720238477e+06 1.048448197254050523e+06
4.586828560688138008e+06 4.586912373108148575e+06 4.586734923037528992e+06 4.585516752664804459e+06 4.583853852880239487e+06 4.582576372961640358e+06 4.579853360692977905e+06 4.576268406256273389e+06 4.574689028022572398e+06 4.571349206958934665e+06 4.567970567106515169e+06 4.558305650604367256e+06 4.549738407537102699e+06 4.539085031194657087e+06 4.536137178254693747e+06 4.529233485204547644e+06 4.515612167788535357e+06 4.497219409576311707e+06 4.479879513996735215e+06 4.462944361243620515e+06
2.118864055881714821e+07 2.118867920768284798e+07 2.118807140667176247e+07 2.118359377173876762e+07 2.117703105631899834e+07 2.117165121865153313e+07 2.115953981249785423e+07 2.114411616538208723e+07 2.113755106109410524e+07 2.112418471579486132e+07 2.111006824113571644e+07 2.106870139569306374e+07 2.103027006616997719e+07 2.098470770258891582e+07 2.097153240359342098e+07 2.094033557030022144e+07 2.088089869257962704e+07 2.079653916752427816e+07 2.071761720740121603e+07 2.064279746414774656e+07
3.901958401347534180e+09 3.902020106476928711e+09 3.901906831174560547e+09 3.901073131108154297e+09 3.899887796641845703e+09 3.898937106140380859e+09 3.896857249377197266e+09 3.894162211239105225e+09 3.892989309211822510e+09 3.890561840277252197e+09 3.887972305610900879e+09 3.880563761982666016e+09 3.873823917405029297e+09 3.865531285100402832e+09 3.863178397067077637e+09 3.857661632542419434e+09 3.846926385312683105e+09 3.832240731574188232e+09 3.818517903939056396e+09 3.805154444941253662e+09
8.521000130610191263e+02 8.521247681678651134e+02 8.520961656451690942e+02 8.518945300435880199e+02 8.516201774547080277e+02 8.514087567948299693e+02 8.509635340508975787e+02 8.503775654390774434e+02 8.501155141196359182e+02 8.495582151232229080e+02 8.489756593391939532e+02 8.473482802522485144e+02 8.459150103038846282e+02 8.440863953328953357e+02 8.435813225588353816e+02 8.424057169227598934e+02 8.400685632596141659e+02 8.369934467401471920e+02 8.341020814972580411e+02 8.312218460475269239e+02
1.943926251403667038e-01 1.944014532405802242e-01 1.943965354403829338e-01 1.943596775387419484e-01 1.943050815374931517e-01 1.942615619365639645e-01 1.941792835333302492e-01 1.940701133290447800e-01 1.940200889269574347e-01 1.939103576234115778e-01 1.937871940193520715e-01 1.934716864055694430e-01 1.931954384945804293e-01 1.928251418787265692e-01 1.927186058751306774e-01 1.924806367660192308e-01 1.920044302460315322e-01 1.914171861204296832e-01 1.908669403972114154e-01 1.902877887728715578e-01
7.993028676102112513e+02 7.993072327357367612e+02 7.992830807083519176e+02 7.991100845499895513e+02 7.988609233539900742e+02 7.986608706417900976e+02 7.982190651934361085e+02 7.976523908438030048e+02 7.974089174601467676e+02 7.969058929920065566e+02 7.963834010872378713e+02 7.948648002327972790e+02 7.934740088385588024e+02 7.918045420590351569e+02 7.913270816419972107e+02 7.902010575305030216e+02 7.880362583300739061e+02 7.850043067413134850e+02 7.821582687108966638e+02 7.794406886575379758e+02
6.993816879115456686e+00 6.994071560215161298e+00 6.993876728119175823e+00 6.992429011346303014e+00 6.990378464272225756e+00 6.988760170792602366e+00 6.985461430926989124e+00 6.981105363377480444e+00 6.979142558308069511e+00 6.974951860968133133e+00 6.970355689131224608e+00 6.957919441773583458e+00 6.946914327654212684e+00 6.932594616127857989e+00 6.928559267876494232e+00 6.919324335074065857e+00 6.900904516294417590e+00 6.877233472972363870e+00 6.855129958175609772e+00 6.832575912330810297e+00
4.447959409672766924e+02 4.448043185766873648e+02 4.447916186451038811e+02 4.446983573653560597e+02 4.445652416222874308e+02 4.444587451059196610e+02 4.442292604144749930e+02 4.439317526370468840e+02 4.438014742170598765e+02 4.435298662911191059e+02 4.432393378352644504e+02 4.424180704619939206e+02 4.416750792821112555e+02 4.407525175483096973e+02 4.404904025960640865e+02 4.398789982029338717e+02 4.386854363969978294e+02 4.370706019881945394e+02 4.355602082245786733e+02 4.340783565018100489e+02
2.090322605747278430e+02 2.090429428661445854e+02 2.090371524954607594e+02 2.089939875793570536e+02 2.089336096806655405e+02 2.088866403172360151e+02 2.087959670471245772e+02 2.086737793772445002e+02 2.086171909248841985e+02 2.084936834649524826e+02 2.083558648179896409e+02 2.079970150668668794e+02 2.076867928936044336e+02 2.072648320066655288e+02 2.071470454269292532e+02 2.068819314136926550e+02 2.063426126863560057e+02 2.056828323684567295e+02 2.050667337772138126e+02 2.044144652411232528e+02
1.657485325419536082e+00 1.657462662219408855e+00 1.657424462519252018e+00 1.657139582622953355e+00 1.656713540327011458e+00 1.656358253432010486e+00 1.655513013148997459e+00 1.654455951369236288e+00 1.654017460077902513e+00 1.653146885589471538e+00 1.652238529807725342e+00 1.649450279063891855e+00 1.646794808219048889e+00 1.643783101386752321e+00 1.642903293106535045e+00 1.640785705659247640e+00 1.636824425454385334e+00 1.630926100888636654e+00 1.625426246513647754e+00 1.620377350528194427e+00
8.873867183730368424e-01 8.873791176732623853e-01 8.873567820729562072e-01 8.871946023719914365e-01 8.869497917689130873e-01 8.867474649678541709e-01 8.862871434715060559e-01 8.857089376755169496e-01 8.854665931770142606e-01 8.849749265761630568e-01 8.844651606792268694e-01 8.829470196968003393e-01 8.815185954184556749e-01 8.798743171413008213e-01 8.793914986465409811e-01 8.782433077653166720e-01 8.760881284966757221e-01 8.729437469506109437e-01 8.699958418971363017e-01 8.672570844363036713e-01
3.024004890126548162e-01 3.024028801125808741e-01 3.023940093128345552e-01 3.023320884143458898e-01 3.022403361157302015e-01 3.021667446167555227e-01 3.020119424189147139e-01 3.018137236222990794e-01 3.017280417237806489e-01 3.015470363268839549e-01 3.013606016295611312e-01 3.008355342376631825e-01 3.003586368445638755e-01 2.997821597531427074e-01 2.996146755551549745e-01 2.992252473603329577e-01 2.984785461706067622e-01 2.974490623840857495e-01 2.964758569978549474e-01 2.955388008107284747e-01
