2.895954915348930359e+08 2.895952119534416199e+08 2.895768068606071472e+08 2.895253442563896179e+08 2.894326080721702576e+08 2.893628123676414490e+08 2.891546299768562317e+08 2.889331824825477600e+08 2.888060994711799622e+08 2.885847446128578186e+08 2.883876189705390930e+08 2.878653986959037781e+08 2.874823351780357361e+08 2.867975497607154846e+08 2.865713186132240295e+08 2.861406709124565125e+08 2.852836270034828186e+08 2.840605576538200378e+08 2.829691430696372986e+08 2.820365975830574036e+08
5.262163548019714355e+08 5.262147470164489746e+08 5.261733470057678223e+08 5.260641914007263184e+08 5.258657274785766602e+08 5.257107354111938477e+08 5.252692280593872070e+08 5.248006115456085205e+08 5.245285204170684814e+08 5.240583873088531494e+08 5.236397675102691650e+08 5.225386564538574219e+08 5.217297283475494385e+08 5.202854267796325684e+08 5.198119570022888184e+08 5.189016419128723145e+08 5.170980321536560059e+08 5.145157544487915039e+08 5.122255119196472168e+08 5.102763418616485596e+08
1.340440252155080088e+03 1.340438965420602472e+03 1.340353803406134830e+03 1.340115661958247074e+03 1.339686531834842754e+03 1.339363574601200526e+03 1.338400222006617696e+03 1.337375485121694510e+03 1.336787418533713208e+03 1.335763102728189551e+03 1.334850908183158026e+03 1.332434341925618355e+03 1.330661727399521624e+03 1.327492885303116054e+03 1.326445995191184920e+03 1.324453193562469096e+03 1.320487221258706995e+03 1.314827526048538857e+03 1.309777019753193599e+03 1.305461637991873431e+03
2.387638147195364581e+03 2.387630812864314066e+03 2.387442694899655180e+03 2.386946879539435031e+03 2.386045351688197115e+03 2.385341135688038776e+03 2.383335685489146272e+03 2.381207125672051916e+03 2.379971140166540863e+03 2.377835650007851655e+03 2.375934150024229893e+03 2.370932777617912507e+03 2.367258496861468302e+03 2.360698307440237841e+03 2.358547854873904726e+03 2.354413029840536183e+03 2.346220931227755500e+03 2.334491815195680829e+03 2.324089571989985416e+03 2.315236707456497243e+03
2.059257324444448948e+07 2.059252308329737186e+07 2.059143541905653477e+07 2.058808937473261356e+07 2.058232114244949818e+07 2.057818346571743488e+07 2.056520897045576572e+07 2.055087955557167530e+07 2.054294922995722294e+07 2.052907854882109165e+07 2.051663970424425602e+07 2.048288973376786709e+07 2.045796137250387669e+07 2.041333820508182049e+07 2.039822423710620403e+07 2.037006930046117306e+07 2.031391994433915615e+07 2.023371514381372929e+07 2.016112773021996021e+07 2.009903258225190639e+07
1.897012891412372589e+08 1.897008270506381989e+08 1.896908073556613922e+08 1.896599831882343292e+08 1.896068455317440033e+08 1.895687287511348724e+08 1.894492061234683990e+08 1.893172018112888336e+08 1.892441466877613068e+08 1.891163682872791290e+08 1.890017801391506195e+08 1.886908713057584763e+08 1.884612282101840973e+08 1.880501541639966965e+08 1.879109224522161484e+08 1.876515557513608932e+08 1.871343010525274277e+08 1.863954446729297638e+08 1.857267605876255035e+08 1.851547325305471420e+08
7.457964086481401920e+08 7.457964208597977161e+08 7.457563769737865925e+08 7.456128869936964512e+08 7.453852375426752567e+08 7.452256939375755787e+08 7.447122593569529057e+08 7.441226575753910542e+08 7.438034856046268940e+08 7.432499046210157871e+08 7.427483052137033939e+08 7.413281693522191048e+08 7.402795589531729221e+08 7.383925604866223335e+08 7.377463510831456184e+08 7.365601521193099022e+08 7.341789229689040184e+08 7.307689139728996754e+08 7.276664443628027439e+08 7.250205053229855299e+08
2.715900162865875244e+09 2.715900267394893646e+09 2.715754475476509094e+09 2.715230244738183975e+09 2.714400100330286026e+09 2.713818833946836472e+09 2.711946317737739563e+09 2.709793794612565994e+09 2.708629483996599197e+09 2.706610272009935379e+09 2.704780159320262909e+09 2.699593660645037651e+09 2.695763670969219208e+09 2.688871189118239403e+09 2.686509770557845116e+09 2.682177160719319344e+09 2.673478638394499779e+09 2.661021180848596573e+09 2.649684734384946823e+09 2.640016821204959869e+09
4.989843317593542452e+03 4.989839031845891441e+03 4.989587269726536761e+03 4.988667208695878799e+03 4.987222387198802608e+03 4.986206724582101742e+03 4.982943372885674762e+03 4.979184108081833983e+03 4.977140762122093292e+03 4.973611406215095485e+03 4.970406694413606601e+03 4.961300882650837593e+03 4.954569265022619220e+03 4.942414706790885248e+03 4.938255517502380826e+03 4.930636656313035928e+03 4.915288435987145931e+03 4.893339794404084387e+03 4.873401669647755625e+03 4.856362838170178293e+03
1.410215413231190178e+04 1.410214454076319817e+04 1.410145039620783064e+04 1.409884592952320236e+04 1.409481427410474862e+04 1.409198202450896497e+04 1.408288229437448899e+04 1.407233596312880400e+04 1.406658954815680045e+04 1.405669279880935210e+04 1.404768481171687017e+04 1.402197928601110470e+04 1.400295842994863051e+04 1.396848624534512055e+04 1.395668592038171482e+04 1.393516150623376598e+04 1.389161955617045169e+04 1.382949122186398017e+04 1.377307379570553894e+04 1.372475289729586802e+04
1.546266221644355683e+06 1.546266226960644824e+06 1.546183877132275840e+06 1.545885358192800311e+06 1.545413918065859703e+06 1.545084605390954530e+06 1.544020179104836425e+06 1.542794915663925698e+06 1.542133340484832181e+06 1.540986156546908198e+06 1.539946069562780438e+06 1.536992018561432371e+06 1.534810573251521913e+06 1.530885992589367786e+06 1.529540666936131427e+06 1.527072660554859089e+06 1.522118049826093251e+06 1.515019165613647318e+06 1.508557499097568681e+06 1.503048446648835903e+06
1.730187590357905719e+03 1.730184173355519306e+03 1.730089339706639294e+03 1.729832955334859435e+03 1.729360255524225067e+03 1.729005504874454346e+03 1.727955008751654532e+03 1.726834584263211582e+03 1.726191946264065336e+03 1.725069718937331345e+03 1.724072746815567371e+03 1.721460940555611160e+03 1.719537163091648836e+03 1.716107885498495307e+03 1.714975237622798886e+03 1.712808255836658645e+03 1.708512716916215140e+03 1.702385022891859990e+03 1.696914583004021551e+03 1.692237899100204231e+03
2.725116020808410645e+07 2.725141968079376221e+07 2.724919932927703857e+07 2.724554805580520630e+07 2.723714780627822876e+07 2.722954732024383545e+07 2.721287629876708984e+07 2.719727567810821533e+07 2.718606691741561890e+07 2.716659275196075439e+07 2.714978078749465942e+07 2.711464109311825037e+07 2.708919304738306999e+07 2.704120381823569536e+07 2.702717563171988726e+07 2.699892208206778765e+07 2.694170417202669382e+07 2.686568886204743385e+07 2.680175624751877785e+07 2.674506701554650068e+07
2.466980969069786072e+08 2.467005427598228455e+08 2.466861639054107666e+08 2.466516063336067200e+08 2.465852729450149536e+08 2.465322470867462158e+08 2.463864655338172913e+08 2.462409760367240906e+08 2.461508838675956726e+08 2.459939035066566467e+08 2.458554567300834656e+08 2.455069789381160736e+08 2.452547416904792786e+08 2.447999776605052948e+08 2.446564283426342010e+08 2.443775480779781342e+08 2.438157227811489105e+08 2.430279933906974792e+08 2.423414483051147461e+08 2.417489054956436157e+08
1.064296346929702908e+06 1.064249123710248619e+06 1.064215790390107781e+06 1.064145445727441460e+06 1.063998503052923828e+06 1.063874160048220307e+06 1.063454381023082882e+06 1.062988316924605519e+06 1.062766505762610584e+06 1.062416697270903736e+06 1.062074724529061466e+06 1.061154531757015735e+06 1.060451614080403000e+06 1.059286734344143420e+06 1.058850911598522216e+06 1.057925107469338924e+06 1.056390946332115680e+06 1.053769413177821785e+06 1.051387675909731537e+06 1.049549441404178739e+06
4.586828560688138008e+06 4.586912373108148575e+06 4.586574132374525070e+06 4.585765099071025848e+06 4.584211919273614883e+06 4.582970529460668564e+06 4.579788627282261848e+06 4.576474248230457306e+06 4.574366211782932281e+06 4.570678510649800301e+06 4.567427228608131409e+06 4.559550143883064389e+06 4.553794062957704067e+06 4.543187567837849259e+06 4.539861130559459329e+06 4.533501510483160615e+06 4.520483573914960027e+06 4.502769581096947193e+06 4.487289238288700581e+06 4.473689055799916387e+06
2.118864055881714821e+07 2.118867920768284798e+07 2.118745295130467415e+07 2.118407181913161278e+07 2.117794310038542747e+07 2.117339016982722282e+07 2.115993501238226891e+07 2.114543043946719170e+07 2.113707715590691566e+07 2.112242161440491676e+07 2.110937163867974281e+07 2.107536194470757246e+07 2.105029297092676163e+07 2.100518312764686346e+07 2.099021845119184256e+07 2.096207476552146673e+07 2.090570487093847990e+07 2.082617479111099243e+07 2.075485031824183464e+07 2.069338233253329992e+07
3.901958401347534180e+09 3.902020106476928711e+09 3.901795112460083008e+09 3.901169950766113281e+09 3.900052325907958984e+09 3.899206986629882812e+09 3.896880446408935547e+09 3.894356060478637695e+09 3.892825366527465820e+09 3.890136822584350586e+09 3.887743361810058594e+09 3.881664659032562256e+09 3.877209240290161133e+09 3.869007567514862061e+09 3.866354680688690186e+09 3.861416719997039795e+09 3.851270749042572021e+09 3.837368066300170898e+09 3.825006086915771484e+09 3.814170096625122070e+09
8.521000130610191263e+02 8.521247681678651134e+02 8.520695814094215166e+02 8.519291165315371472e+02 8.516703421692800475e+02 8.514655320269084768e+02 8.509501047630474204e+02 8.504070949855522485e+02 8.500533717949583661e+02 8.494319426376314368e+02 8.488817912904341938e+02 8.475495876902859891e+02 8.465813037850457476e+02 8.447647536411823239e+02 8.441989099075581180e+02 8.431428913053823635e+02 8.409257987106684595e+02 8.379758975248987554e+02 8.353986751716147410e+02 8.330993364830137580e+02
1.943926251403667038e-01 1.944014532405802242e-01 1.943910767402812212e-01 1.943621708390210756e-01 1.943112066373799962e-01 1.942734567358499476e-01 1.941808837328835580e-01 1.940784930291030719e-01 1.940089474265747072e-01 1.938831823226863094e-01 1.937712240190521129e-01 1.935115694088631599e-01 1.933223608020746553e-01 1.929512512870283913e-01 1.928348709823426432e-01 1.926342134737426548e-01 1.921869580558501767e-01 1.916319142309390600e-01 1.911381213105478594e-01 1.906744323926465867e-01
7.993028676102112513e+02 7.993072327357367612e+02 7.992594198906735983e+02 7.991348798482795246e+02 7.989031574898981489e+02 7.987269267098454293e+02 7.982272897787042893e+02 7.976970009358483367e+02 7.973821637658693362e+02 7.968295270957169123e+02 7.963393967369338498e+02 7.950944567274345900e+02 7.941797776649909792e+02 7.925224260644099559e+02 7.919816238152488950e+02 7.909587948342305026e+02 7.888990772881297744e+02 7.860225901758385589e+02 7.834616959608829347e+02 7.812421108327071124e+02
6.993816879115456686e+00 6.994071560215161298e+00 6.993679404923341281e+00 6.992573150138696292e+00 6.990632163863210735e+00 6.989161168288774206e+00 6.985447594722927533e+00 6.981368994559488783e+00 6.978702250094784176e+00 6.973965227257394872e+00 6.969747415915662714e+00 6.959534815207177871e+00 6.952094169270367274e+00 6.937869449552806600e+00 6.933393187016633874e+00 6.925355796280598497e+00 6.908040755176159564e+00 6.885594855855288188e+00 6.865748330724954940e+00 6.847706118807366238e+00
4.447959409672766924e+02 4.448043185766873648e+02 4.447789622168056667e+02 4.447090554737660568e+02 4.445837584267283091e+02 4.444890039475576486e+02 4.442314280162245268e+02 4.439527238199807471e+02 4.437812913109664805e+02 4.434792350605712272e+02 4.432104975864785956e+02 4.425364264913405350e+02 4.420429171664145542e+02 4.411282043756400526e+02 4.408335262675427657e+02 4.402892027874659107e+02 4.391614798254922789e+02 4.376320602535561193e+02 4.362726604410709115e+02 4.350727030922244012e+02
2.090322605747278430e+02 2.090429428661445854e+02 2.090312476495164447e+02 2.089980953439808218e+02 2.089406925893636071e+02 2.088968428761727409e+02 2.087942193338385550e+02 2.086802715637750225e+02 2.086011784092697781e+02 2.084597945544664981e+02 2.083338827620100346e+02 2.080394447555190709e+02 2.078259906514940667e+02 2.074060453282399976e+02 2.072768482355713786e+02 2.070506323734989564e+02 2.065455216959417157e+02 2.059179147111935890e+02 2.053665290645658388e+02 2.048508776838179983e+02
1.657485325419536082e+00 1.657462662219408855e+00 1.657385877120127304e+00 1.657167308525735905e+00 1.656769599530484527e+00 1.656480261033998147e+00 1.655548022647273854e+00 1.654544959264278248e+00 1.654003812472176094e+00 1.653061670584285991e+00 1.652221244895137886e+00 1.649924266043846899e+00 1.648223843779128117e+00 1.645255759442413535e+00 1.644246675066931118e+00 1.642303857306323778e+00 1.638539270686344196e+00 1.633008796906374016e+00 1.628021956822458094e+00 1.623830162916334530e+00
8.873867183730368424e-01 8.873791176732623853e-01 8.873337257726774396e-01 8.872133750744382041e-01 8.869877666736982746e-01 8.868219079724184439e-01 8.863074452728341157e-01 8.857611396761484457e-01 8.854562985757610249e-01 8.849206705730665590e-01 8.844447938725892300e-01 8.831953236874738877e-01 8.822709035988935966e-01 8.806372769165733416e-01 8.800872454242920639e-01 8.790400567378782171e-01 8.769845620623044624e-01 8.740251682097692765e-01 8.713598160538964521e-01 8.690881559850964777e-01
3.024004890126548162e-01 3.024028801125808741e-01 3.023849273130565507e-01 3.023416707137442927e-01 3.022578201151162602e-01 3.021941027166121785e-01 3.020162806192701055e-01 3.018309966220158458e-01 3.017183497239130929e-01 3.015182755271439419e-01 3.013415692299474813e-01 3.009109289363713913e-01 3.005940309413404066e-01 3.000152053498332805e-01 2.998269465522689359e-01 2.994756164575385071e-01 2.987610552677715248e-01 2.977817720824873504e-01 2.969084943941453503e-01 2.961403972039633459e-01
