2.895954915348930359e+08 2.895952119534416199e+08 2.895842499389457703e+08 2.895102854731101990e+08 2.894359615463523865e+08 2.893661878017921448e+08 2.891275358962898254e+08 2.889239623625679016e+08 2.887156859094429016e+08 2.885045866241645813e+08 2.882012023217506409e+08 2.876656410631141663e+08 2.872042863403053284e+08 2.865075131209831238e+08 2.862956291339530945e+08 2.858261745736274719e+08 2.850792905586814880e+08 2.839516691226539612e+08 2.827895533327140808e+08 2.819019768511238098e+08
5.262163548019714355e+08 5.262147470164489746e+08 5.261904848139343262e+08 5.260283925946350098e+08 5.258657877477722168e+08 5.257159215249786377e+08 5.252018856654205322e+08 5.247647657683105469e+08 5.243211477276916504e+08 5.238662576529846191e+08 5.232290777651367188e+08 5.220893492213439941e+08 5.211065316997375488e+08 5.196530389831390381e+08 5.192102400811004639e+08 5.182253097708435059e+08 5.166712188879547119e+08 5.143129989865722656e+08 5.118689471820068359e+08 5.100148394396362305e+08
1.340440252155080088e+03 1.340438965420602472e+03 1.340388242067201645e+03 1.340045988455487532e+03 1.339702070468585589e+03 1.339379199732225970e+03 1.338274873980975826e+03 1.337332869901976665e+03 1.336369083073994261e+03 1.335392249038748560e+03 1.333988325379104936e+03 1.331510058193947771e+03 1.329375181691910257e+03 1.326150812012099777e+03 1.325170309040651773e+03 1.322997902843068005e+03 1.319541634183449787e+03 1.314323536885451176e+03 1.308945860664840438e+03 1.304838563535959111e+03
2.387638147195364581e+03 2.387630812864314066e+03 2.387520578192110406e+03 2.386784161495423177e+03 2.386045423775591189e+03 2.385364636367623461e+03 2.383029514936701162e+03 2.381043836030148668e+03 2.379028745890798746e+03 2.376962303979991702e+03 2.374068238380335970e+03 2.368891157111997018e+03 2.364426794983010041e+03 2.357825325785059249e+03 2.355814197341183899e+03 2.351340672193415230e+03 2.344282419214927359e+03 2.333571667662501568e+03 2.322470677401666762e+03 2.314049607733410085e+03
2.059257324444448948e+07 2.059252308329737186e+07 2.059186288089144230e+07 2.058740476224958897e+07 2.058297067855560780e+07 2.057859775491273403e+07 2.056366845860898495e+07 2.055054718389451504e+07 2.053728811924540997e+07 2.052406348571145535e+07 2.050438572424685955e+07 2.046988625501978397e+07 2.044023061490690708e+07 2.039427897094714642e+07 2.038015847887599468e+07 2.034912396942412853e+07 2.029926778486335278e+07 2.022482675727236271e+07 2.014841499423944950e+07 2.008939574052059650e+07
1.897012891412372589e+08 1.897008270506381989e+08 1.896947451858539581e+08 1.896536764553165436e+08 1.896128291379070282e+08 1.895725452337503433e+08 1.894350147419710159e+08 1.893141399647169113e+08 1.891919958484792709e+08 1.890701689165353775e+08 1.888888949843816757e+08 1.885710816782436371e+08 1.882978903147563934e+08 1.878745781806306839e+08 1.877444984893922806e+08 1.874586048136796951e+08 1.869993235769643784e+08 1.863135637746753693e+08 1.856096493181362152e+08 1.850659567721767426e+08
7.457964086481401920e+08 7.457964208597977161e+08 7.457701428596374989e+08 7.455964031133396626e+08 7.454306365730116367e+08 7.452545820321311951e+08 7.446566251478366852e+08 7.441130826886334419e+08 7.435609963553719521e+08 7.430216568551540375e+08 7.421938897552618980e+08 7.407507765980799198e+08 7.395095562036230564e+08 7.375550435162553787e+08 7.369430814763050079e+08 7.356281060343923569e+08 7.335051771093840599e+08 7.303377853052513599e+08 7.270901477696812153e+08 7.245528862845852375e+08
2.715900162865875244e+09 2.715900267394893646e+09 2.715804456789123535e+09 2.715171244751380920e+09 2.714567639140638351e+09 2.713925345269377708e+09 2.711744020028019905e+09 2.709759479593281746e+09 2.707743960453539848e+09 2.705775938607459068e+09 2.702752870673253059e+09 2.697483088781242371e+09 2.692950709951887131e+09 2.685810212683609962e+09 2.683573610735489845e+09 2.678769625534893990e+09 2.671012527752562523e+09 2.659440788475919724e+09 2.647576123230398178e+09 2.638304136461030960e+09
4.989843317593542452e+03 4.989839031845891441e+03 4.989671481251112709e+03 4.988568898419594916e+03 4.987523410377769324e+03 4.986403391560779710e+03 4.982599393008633342e+03 4.979140390500841022e+03 4.975602669493244321e+03 4.972142183878815558e+03 4.966833997309622646e+03 4.957564159950452449e+03 4.949564793528501468e+03 4.936951460581629362e+03 4.932999085230527271e+03 4.924537903144613665e+03 4.910849718455756374e+03 4.890468548607757839e+03 4.869552878443362715e+03 4.853223997381261142e+03
1.410215413231190178e+04 1.410214454076319817e+04 1.410167559735823306e+04 1.409860360788271646e+04 1.409571444309779326e+04 1.409257756292671547e+04 1.408194932344919653e+04 1.407226655396426213e+04 1.406228669502426055e+04 1.405253306741770939e+04 1.403752129643646185e+04 1.401133540269007790e+04 1.398869822142572957e+04 1.395283953370634117e+04 1.394158662594357156e+04 1.391761527065435075e+04 1.387870693090677378e+04 1.382098985344424727e+04 1.376172279550458188e+04 1.371539760787479463e+04
1.546266221644355683e+06 1.546266226960644824e+06 1.546211873741357354e+06 1.545852808959133690e+06 1.545511003779027378e+06 1.545146138931075810e+06 1.543906370490088826e+06 1.542776288226164179e+06 1.541629467107866192e+06 1.540510959093525773e+06 1.538790011058517965e+06 1.535790136293546064e+06 1.533209493611154845e+06 1.529142105044872267e+06 1.527867367699052906e+06 1.525130497835978633e+06 1.520711963463737862e+06 1.514116755153688369e+06 1.507356268954452826e+06 1.502071723701902432e+06
1.730187590357905719e+03 1.730184173355519306e+03 1.730128839138837066e+03 1.729753274188318755e+03 1.729372039826412220e+03 1.729018880727177020e+03 1.727806554395414423e+03 1.726769506864773575e+03 1.725725337953830604e+03 1.724660390920878854e+03 1.723140621468483005e+03 1.720451803923293483e+03 1.718135061306471471e+03 1.714647722998692188e+03 1.713592644143674988e+03 1.711232762927713338e+03 1.707484522219921928e+03 1.701826066626759712e+03 1.696003170206386130e+03 1.691567675642610993e+03
2.725116020808410645e+07 2.725141968079376221e+07 2.725030876132202148e+07 2.724272132889938354e+07 2.723464926533508301e+07 2.722845846250075102e+07 2.720848144555586576e+07 2.719444125147849321e+07 2.717818648276740313e+07 2.715986075433033705e+07 2.713781680097872019e+07 2.709955028855729103e+07 2.706690700317215919e+07 2.702096647801727057e+07 2.700806744363921881e+07 2.697828695030730963e+07 2.693066054382306337e+07 2.686235691472911835e+07 2.678985293668651581e+07 2.673665464471340179e+07
2.466980969069786072e+08 2.467005427598228455e+08 2.466923988270912170e+08 2.466373121508064270e+08 2.465813855783729553e+08 2.465318962696247101e+08 2.463648538245372772e+08 2.462306537794094086e+08 2.460881428304882050e+08 2.459393350796031952e+08 2.457343841167087555e+08 2.453736010051727295e+08 2.450651071004562378e+08 2.446076196692371368e+08 2.444718092555370331e+08 2.441699549961299896e+08 2.436855682378520966e+08 2.429565755648345947e+08 2.422008144353561401e+08 2.416298076732864380e+08
1.064296346929702908e+06 1.064249123710248619e+06 1.064230431818101555e+06 1.064106621087167412e+06 1.063965184596631676e+06 1.063846803156483918e+06 1.063379107712615281e+06 1.062928505965340883e+06 1.062584874320853502e+06 1.062178837789077312e+06 1.061744286279845983e+06 1.060720736353103071e+06 1.059773606262329966e+06 1.058722516509372741e+06 1.058369346527177840e+06 1.057467612012643367e+06 1.056312896338749677e+06 1.054111482840482146e+06 1.051895842970643193e+06 1.050394048298273236e+06
4.586828560688138008e+06 4.586912373108148575e+06 4.586722012853503227e+06 4.585430939875960350e+06 4.584122020360231400e+06 4.582963102833852172e+06 4.579163857962355018e+06 4.576103333217158914e+06 4.572779417660251260e+06 4.569307696460112929e+06 4.564495319712355733e+06 4.556323300132215023e+06 4.549346368183195591e+06 4.538637351095482707e+06 4.535475218660280108e+06 4.528492806094929576e+06 4.517158329736009240e+06 4.500786212859034538e+06 4.483777570246458054e+06 4.470710612516880035e+06
2.118864055881714821e+07 2.118867920768284798e+07 2.118796657132887840e+07 2.118311954894471169e+07 2.117822091556143761e+07 2.117361396876484156e+07 2.115804170368391275e+07 2.114476787902921438e+07 2.113113725963777304e+07 2.111730218989759684e+07 2.109723756183165312e+07 2.106227507525253296e+07 2.103229251360702515e+07 2.098611360862857103e+07 2.097214425733834505e+07 2.094118520506173372e+07 2.089134177833861113e+07 2.081753216797542572e+07 2.074155551018142700e+07 2.068316072164058685e+07
3.901958401347534180e+09 3.902020106476928711e+09 3.901887452092773438e+09 3.900990006865112305e+09 3.900098613333984375e+09 3.899255550673980713e+09 3.896496727613555908e+09 3.894187283878631592e+09 3.891692093241180420e+09 3.889159731126007080e+09 3.885459643360687256e+09 3.879223041777465820e+09 3.873905492606201172e+09 3.865481732418365479e+09 3.862951782706695557e+09 3.857457047413360596e+09 3.848442881371673584e+09 3.835461132026489258e+09 3.822063123526123047e+09 3.811626450760375977e+09
8.521000130610191263e+02 8.521247681678651134e+02 8.520930350577546051e+02 8.518785694354883162e+02 8.516655298536643386e+02 8.514708210273965960e+02 8.508497840602358337e+02 8.503535276940965559e+02 8.497892057943536201e+02 8.492064799387444509e+02 8.483738293524365872e+02 8.470011394139146432e+02 8.458385418278194265e+02 8.439833813335717423e+02 8.434353778855293058e+02 8.422559130376321264e+02 8.402933264273597160e+02 8.375339630365342600e+02 8.346667327442846727e+02 8.324255268812557915e+02
1.943926251403667038e-01 1.944014532405802242e-01 1.943955637403149694e-01 1.943548654388180807e-01 1.943149746375993914e-01 1.942764195362540747e-01 1.941626265322140554e-01 1.940745414291003001e-01 1.939626951244166619e-01 1.938499348198901018e-01 1.936754264135069903e-01 1.934122074027300187e-01 1.931945352931094817e-01 1.928022562787203853e-01 1.926878914739011961e-01 1.924506899650308966e-01 1.920303266508698314e-01 1.914931765284713094e-01 1.909356945052458343e-01 1.904786971869754097e-01
7.993028676102112513e+02 7.993072327357367612e+02 7.992799025214335416e+02 7.990936925777059514e+02 7.989044962770421989e+02 7.987310191305950866e+02 7.981499171201212448e+02 7.976652641854816466e+02 7.971583315126263187e+02 7.966385790212443681e+02 7.958966578888575896e+02 7.946124123179470189e+02 7.935127966546860989e+02 7.918233695991148124e+02 7.913170705675511272e+02 7.901933935844353982e+02 7.883798850394159672e+02 7.857117031516827410e+02 7.829589093625836540e+02 7.808468070942326449e+02
6.993816879115456686e+00 6.994071560215161298e+00 6.993840581319091143e+00 6.992272108544057119e+00 6.990741982865074533e+00 6.989271910983745784e+00 6.984737742526306192e+00 6.981088684126859789e+00 6.976760973585157899e+00 6.972384832648060637e+00 6.965807987531377421e+00 6.955404729350902926e+00 6.946664344933651591e+00 6.931859389515977909e+00 6.927477119974184916e+00 6.918259650957281792e+00 6.902498230452863481e+00 6.881171372921016882e+00 6.859080494608633671e+00 6.841374724901697846e+00
4.447959409672766924e+02 4.448043185766873648e+02 4.447894841137458570e+02 4.446888378074363573e+02 4.445888443264993839e+02 4.444943921561898605e+02 4.441885634791360644e+02 4.439356368582266441e+02 4.436572362726910796e+02 4.433744269955022901e+02 4.429596823487554502e+02 4.422688446391548496e+02 4.416817287245648913e+02 4.407400730035406013e+02 4.404583543851731520e+02 4.398493138136218477e+02 4.388418889191707422e+02 4.374095025138085475e+02 4.359296205524733523e+02 4.347712943598016864e+02
2.090322605747278430e+02 2.090429428661445854e+02 2.090360513720370363e+02 2.089892420216856408e+02 2.089442196061136201e+02 2.089005704120390874e+02 2.087717385132964409e+02 2.086712164057207701e+02 2.085432138009309710e+02 2.084139506489918858e+02 2.082165371199407673e+02 2.079176588105983683e+02 2.076692959142819745e+02 2.072287806186832313e+02 2.070996849049006414e+02 2.068345206616104406e+02 2.063676687457736989e+02 2.057638373138252064e+02 2.051362532275888952e+02 2.046227357285897597e+02
1.657485325419536082e+00 1.657462662219408855e+00 1.657417173819844436e+00 1.657108339923574647e+00 1.656792809025596114e+00 1.656495498929977828e+00 1.655440683945009539e+00 1.654509585859891274e+00 1.653617929077363158e+00 1.652716974492413726e+00 1.651423335918984492e+00 1.649060862064963828e+00 1.647011261503728008e+00 1.643992563272028917e+00 1.643066809397161876e+00 1.640969643042346604e+00 1.637697572220524478e+00 1.632613172833025317e+00 1.627403013452116909e+00 1.623468354048888784e+00
8.873867183730368424e-01 8.873791176732623853e-01 8.873534009731969263e-01 8.871767942721220379e-01 8.869942831693293783e-01 8.868262293690492015e-01 8.862432173705627747e-01 8.857444685753961267e-01 8.852511913780602981e-01 8.847479391796326809e-01 8.840277696855736167e-01 8.827400723006206817e-01 8.816308089146076554e-01 8.799651246334150301e-01 8.794614716414486111e-01 8.783210830557237614e-01 8.765135180783119040e-01 8.737793483215483548e-01 8.709700645643607686e-01 8.688384120997199034e-01
3.024004890126548162e-01 3.024028801125808741e-01 3.023931636128196487e-01 3.023258525142296094e-01 3.022561241156722645e-01 3.021938265167456450e-01 3.019883811205694712e-01 3.018229751237804237e-01 3.016455319266206914e-01 3.014616216299721430e-01 3.011998903336312594e-01 3.007547809411192929e-01 3.003766158474547865e-01 2.997845169550465982e-01 2.996099389572641769e-01 2.992202161626273949e-01 2.985814993707229803e-01 2.976677598831258820e-01 2.967225872967986788e-01 2.959949002064234946e-01
