2.895954915348930359e+08 2.895952119534416199e+08 2.895905279148063660e+08 2.895233466031303406e+08 2.894398480293998718e+08 2.893584712823066711e+08 2.891424775467643738e+08 2.888705718302726746e+08 2.886938405106849670e+08 2.885040520523338318e+08 2.882987460426826477e+08 2.878293950974388123e+08 2.874391262864723206e+08 2.868312165592765808e+08 2.866515119446296692e+08 2.862107803665199280e+08 2.853070058918724060e+08 2.841446191409263611e+08 2.833180889369544983e+08 2.822585386658973694e+08
5.262163548019714355e+08 5.262147470164489746e+08 5.262039952690124512e+08 5.260506762099304199e+08 5.258709382169799805e+08 5.256924727264404297e+08 5.252281058792419434e+08 5.246430681499328613e+08 5.242694043362121582e+08 5.238701158364105225e+08 5.234419116749572754e+08 5.224458029570007324e+08 5.216268932443237305e+08 5.203444169293823242e+08 5.199710597172241211e+08 5.190447118143920898e+08 5.171387453566284180e+08 5.147069345666046143e+08 5.129668848530731201e+08 5.107423905842285156e+08
1.340440252155080088e+03 1.340438965420602472e+03 1.340417292601909139e+03 1.340106445354656898e+03 1.339720067441303399e+03 1.339343518074034364e+03 1.338344038006747724e+03 1.337085835049292655e+03 1.336268013362321653e+03 1.335389760879523237e+03 1.334439689684120822e+03 1.332267797785971197e+03 1.330461825445221621e+03 1.327648725962193566e+03 1.326817127255650121e+03 1.324777642557382933e+03 1.320595426913918345e+03 1.315216451620028238e+03 1.311391699281099136e+03 1.306488616399510647e+03
2.387638147195364581e+03 2.387630812864314066e+03 2.387581952042441117e+03 2.386885224122583168e+03 2.386068727954436326e+03 2.385257919238560135e+03 2.383148454071866581e+03 2.380490807160880649e+03 2.378793555857526371e+03 2.376979971480410313e+03 2.375035158106853487e+03 2.370510530018684221e+03 2.366791062214382691e+03 2.360965893982822308e+03 2.359270224331849022e+03 2.355062729512079386e+03 2.346405610308022005e+03 2.335360594588302774e+03 2.327457161803817144e+03 2.317353532426728634e+03
2.059257324444448948e+07 2.059252308329737186e+07 2.059226012777197361e+07 2.058844353032076359e+07 2.058314089490997791e+07 2.057814202587902546e+07 2.056473964465439320e+07 2.054758976624691486e+07 2.053616841300928593e+07 2.052397481615531445e+07 2.051055217439615726e+07 2.048009529629838467e+07 2.045439770589244366e+07 2.041478648701059818e+07 2.040280267710244656e+07 2.037367033134067059e+07 2.031494287354552746e+07 2.023842330614793301e+07 2.018381365034759045e+07 2.011411582272517681e+07
1.897012891412372589e+08 1.897008270506381989e+08 1.896984046724185944e+08 1.896632457134494781e+08 1.896143971913623810e+08 1.895683470023746490e+08 1.894448826379222870e+08 1.892868958732166290e+08 1.891816809779300690e+08 1.890693520810594559e+08 1.889457010718059540e+08 1.886651286060190201e+08 1.884283992777414322e+08 1.880634959120559692e+08 1.879530995975637436e+08 1.876847288840703964e+08 1.871437243987112045e+08 1.864388168354063034e+08 1.859357460436925888e+08 1.852936811778783798e+08
7.457964086481401920e+08 7.457964208597977161e+08 7.457869172858936787e+08 7.456465937566339970e+08 7.454298520329353809e+08 7.452322057053492069e+08 7.446991107022831440e+08 7.439945057306425571e+08 7.435146325989620686e+08 7.430118697089920044e+08 7.424352566299406290e+08 7.411490585961641073e+08 7.400680926628364325e+08 7.384116316359473467e+08 7.379072527427614927e+08 7.366624056170853376e+08 7.341749022056015730e+08 7.309439378700779676e+08 7.286317215201681852e+08 7.256791834485825300e+08
2.715900162865875244e+09 2.715900267394893646e+09 2.715865707347606659e+09 2.715355168989158630e+09 2.714564097460924149e+09 2.713843390190734863e+09 2.711899049097915649e+09 2.709327359548021317e+09 2.707574908852844238e+09 2.705739555759663582e+09 2.703632951553315163e+09 2.698935254546792984e+09 2.694986743486160278e+09 2.688937154481709480e+09 2.687094579758132935e+09 2.682546190652067184e+09 2.673460463369131088e+09 2.661658172637706757e+09 2.653211026171586990e+09 2.642425199016685486e+09
4.989843317593542452e+03 4.989839031845891441e+03 4.989778957157373952e+03 4.988890478164750675e+03 4.987513504512935469e+03 4.986260072858050989e+03 4.982866053520447167e+03 4.978360663357751037e+03 4.975288603942237387e+03 4.972076525422518898e+03 4.968359498764453747e+03 4.960100536661899241e+03 4.953142592494936252e+03 4.942489551921265956e+03 4.939253188901500835e+03 4.931208766674659273e+03 4.915164256454714632e+03 4.894394951552072598e+03 4.879549533874240296e+03 4.860552354158462549e+03
1.410215413231190178e+04 1.410214454076319817e+04 1.410197903871137532e+04 1.409952398830882157e+04 1.409566839186285506e+04 1.409217653281401726e+04 1.408269848030546564e+04 1.407004150026009302e+04 1.406137140655305120e+04 1.405232708545486093e+04 1.404176380022586090e+04 1.401842329122859519e+04 1.399871876798535232e+04 1.396855211423343280e+04 1.395939674162934534e+04 1.393652396678621881e+04 1.389097921600076370e+04 1.383222875947575085e+04 1.379025322799198329e+04 1.373643451454350725e+04
1.546266221644355683e+06 1.546266226960644824e+06 1.546246726372602163e+06 1.545958365363486810e+06 1.545508743014342850e+06 1.545099775617027422e+06 1.543994553385002306e+06 1.542531353711943841e+06 1.541533801325802458e+06 1.540489563773721224e+06 1.539289137770417845e+06 1.536613902789734537e+06 1.534365129043326946e+06 1.530922346342892619e+06 1.529872998895558296e+06 1.527281615782693727e+06 1.522107775584529852e+06 1.515383834391887998e+06 1.510572309634120902e+06 1.504428098712441279e+06
1.730187590357905719e+03 1.730184173355519306e+03 1.730160149234056007e+03 1.729816471780592110e+03 1.729394899896869902e+03 1.728981663939252030e+03 1.727885931517521385e+03 1.726512710947368760e+03 1.725626891095598694e+03 1.724669898361840751e+03 1.723648002450616332e+03 1.721293943473516265e+03 1.719330966630979674e+03 1.716275914913770976e+03 1.715369932580302702e+03 1.713165219839458587e+03 1.708644086986460024e+03 1.702807440433796728e+03 1.698655508918134728e+03 1.693335148511832813e+03
2.725116020808410645e+07 2.725141968079376221e+07 2.725080776722335815e+07 2.724235382812881470e+07 2.723537381669998169e+07 2.722754685606384277e+07 2.720973609240722656e+07 2.718875277824783325e+07 2.717577772833633423e+07 2.716120569586867094e+07 2.714763608876287937e+07 2.711513984480458498e+07 2.708941351783925295e+07 2.704525822395420074e+07 2.703358713531512022e+07 2.700560548225039244e+07 2.694238435587018728e+07 2.686899209977048635e+07 2.681586858403486013e+07 2.674713693385022879e+07
2.466980969069786072e+08 2.467005427598228455e+08 2.466967494379730225e+08 2.466430810667762756e+08 2.465854409677200317e+08 2.465269672260856628e+08 2.463748724943542480e+08 2.461877768759040833e+08 2.460690465642890930e+08 2.459392309398479462e+08 2.458032508663463593e+08 2.454937074353408813e+08 2.452412055936012268e+08 2.448337915057697296e+08 2.447181282409591675e+08 2.444345077435951233e+08 2.438298213484001160e+08 2.430751033505477905e+08 2.425432619698104858e+08 2.418518499957275391e+08
1.064296346929702908e+06 1.064249123710248619e+06 1.064239647427652031e+06 1.064106708412740380e+06 1.063950715699765831e+06 1.063777329475972801e+06 1.063358454323802143e+06 1.062838932798001915e+06 1.062557000933263451e+06 1.062267180158365518e+06 1.061998713226407766e+06 1.061074843328639865e+06 1.060277652519747615e+06 1.059225361985683441e+06 1.058879055035546422e+06 1.058038838093772531e+06 1.056526173323526978e+06 1.054205993731245399e+06 1.052522976570054889e+06 1.050604757347390056e+06
4.586828560688138008e+06 4.586912373108148575e+06 4.586823644039392471e+06 4.585568425737380981e+06 4.584226911828041077e+06 4.582870219916701317e+06 4.579466427532911301e+06 4.575208863453865051e+06 4.572438493893027306e+06 4.569394458499774337e+06 4.566206551284313202e+06 4.559106133400425315e+06 4.553319749264106154e+06 4.543866356154412031e+06 4.541176429890587926e+06 4.534643228122904897e+06 4.520629729509845376e+06 4.503620436107292771e+06 4.491466303632751107e+06 4.475539071306958795e+06
2.118864055881714821e+07 2.118867920768284798e+07 2.118837524996447563e+07 2.118401357176136971e+07 2.117851426849675179e+07 2.117319371994662285e+07 2.115918060201096535e+07 2.114152714567351341e+07 2.112990868381714821e+07 2.111734107483488321e+07 2.110385169443583488e+07 2.107321423201614618e+07 2.104750260234838724e+07 2.100726348198211193e+07 2.099528413139742613e+07 2.096633100091856718e+07 2.090694364321702719e+07 2.083076969967049360e+07 2.077643288299912214e+07 2.070664522080773115e+07
3.901958401347534180e+09 3.902020106476928711e+09 3.901963458113769531e+09 3.901150733309936523e+09 3.900159159135864258e+09 3.899202408554443359e+09 3.896734093172485352e+09 3.893583154894653320e+09 3.891466889888427734e+09 3.889166858857940674e+09 3.886668849678497314e+09 3.881208552637634277e+09 3.876678448861267090e+09 3.869414525148040771e+09 3.867289715215209961e+09 3.862134085426025391e+09 3.851308017765747070e+09 3.837941586499877930e+09 3.828392506522460938e+09 3.815912534866333008e+09
8.521000130610191263e+02 8.521247681678651134e+02 8.521104655286617344e+02 8.519070634390809573e+02 8.516829651769803604e+02 8.514614535560831428e+02 8.509071216239826754e+02 8.502032241793203866e+02 8.497306183342006989e+02 8.492110437120718416e+02 8.486541894688198227e+02 8.474629602552668075e+02 8.464919904503985890e+02 8.448810737579988199e+02 8.444245706314031850e+02 8.433154755941723124e+02 8.409099452906884835e+02 8.380568834279183648e+02 8.360196198833946255e+02 8.333134769081152626e+02
1.943926251403667038e-01 1.944014532405802242e-01 1.943989936404761920e-01 1.943635703389929859e-01 1.943199280373519855e-01 1.942794276356210048e-01 1.941799618322690435e-01 1.940507586273909624e-01 1.939551203235083676e-01 1.938479009199367553e-01 1.937308682151712702e-01 1.935016601048831220e-01 1.933088787968957334e-01 1.929788135847800845e-01 1.928834951817526289e-01 1.926610121726062275e-01 1.921728106526705560e-01 1.916161097305630889e-01 1.912157334132791320e-01 1.906710122922303796e-01
7.993028676102112513e+02 7.993072327357367612e+02 7.992951542884111404e+02 7.991228168067173101e+02 7.989178646756627131e+02 7.987164306138292886e+02 7.981935364603123162e+02 7.975391778908960987e+02 7.971103683038963936e+02 7.966434496892106836e+02 7.961481197284774680e+02 7.950273886446921097e+02 7.940930405283688742e+02 7.926128029459832760e+02 7.921777421340921137e+02 7.911273430850815203e+02 7.889431884755576903e+02 7.861817148146037653e+02 7.842124540636104939e+02 7.816702543421088194e+02
6.993816879115456686e+00 6.994071560215161298e+00 6.993974132217317674e+00 6.992573694445354704e+00 6.990885017068194429e+00 6.989284711094342128e+00 6.985278384419871145e+00 6.980075605561751217e+00 6.976401242515294143e+00 6.972352779960885982e+00 6.967903428614704353e+00 6.958808406812693192e+00 6.951289149193542016e+00 6.938732675869232480e+00 6.935118751907396017e+00 6.926444768398425822e+00 6.907660858927840763e+00 6.885697343845379237e+00 6.869962204031992314e+00 6.848838131944432916e+00
4.447959409672766924e+02 4.448043185766873648e+02 4.447979677986586466e+02 4.447069020024355268e+02 4.445963644600997213e+02 4.444898846613650676e+02 4.442170443707873346e+02 4.438686867947981227e+02 4.436324072391435038e+02 4.433746451155129762e+02 4.430950659779555281e+02 4.424906736180455482e+02 4.419888494665683538e+02 4.411774048457446042e+02 4.409406579702736053e+02 4.403688797829636314e+02 4.391620802976358391e+02 4.376843207659949258e+02 4.366282275372759614e+02 4.352431813491966750e+02
2.090322605747278430e+02 2.090429428661445854e+02 2.090400472256515059e+02 2.089983957218064461e+02 2.089490815331446356e+02 2.089028326948973699e+02 2.087900923712877557e+02 2.086415769435989205e+02 2.085330374452823889e+02 2.084124070404832310e+02 2.082787363642137279e+02 2.080179123756142872e+02 2.078033940129362236e+02 2.074339976040655529e+02 2.073292106664566745e+02 2.070790496743984477e+02 2.065239955283659583e+02 2.059024224607537690e+02 2.054557329136196131e+02 2.048434395867925559e+02
1.657485325419536082e+00 1.657462662219408855e+00 1.657443559519656162e+00 1.657168760521294359e+00 1.656806667227890273e+00 1.656455168232973563e+00 1.655496802345901131e+00 1.654298926265077796e+00 1.653536489981767943e+00 1.652721283996520185e+00 1.651847414917853030e+00 1.649770878461794155e+00 1.648020621900201377e+00 1.645373382156861908e+00 1.644570761874632581e+00 1.642614296321056599e+00 1.638707142905701630e+00 1.633471002221227764e+00 1.629750531403743707e+00 1.625055860101923599e+00
8.873867183730368424e-01 8.873791176732623853e-01 8.873679479730611774e-01 8.872081423707953718e-01 8.870061909718600646e-01 8.868088406715770589e-01 8.862811602726736737e-01 8.856279665775019794e-01 8.852069093810968070e-01 8.847505935825807910e-01 8.842705150885450394e-01 8.831441818024785562e-01 8.821904160143247964e-01 8.807214995280361336e-01 8.802792568325656930e-01 8.792177055488110682e-01 8.770719541738714042e-01 8.742388474125988296e-01 8.722226010416278541e-01 8.696651011749025884e-01
3.024004890126548162e-01 3.024028801125808741e-01 3.023984440126952222e-01 3.023354765144574685e-01 3.022627149157557369e-01 3.021907468172457811e-01 3.020065089208401332e-01 3.017797065253660094e-01 3.016294126276051202e-01 3.014630970300267165e-01 3.012913350321433370e-01 3.009052101382252431e-01 3.005797076424556735e-01 3.000559543503165116e-01 2.999022574520537887e-01 2.995395470571580177e-01 2.987798426682743980e-01 2.978253566805832975e-01 2.971437476899509988e-01 2.962622254026641144e-01
