2.895954915348930359e+08 2.895952119534416199e+08 2.895814874996452332e+08 2.894825585506858826e+08 2.893621346426811218e+08 2.892911294576530457e+08 2.890925601817283630e+08 2.889088820498771667e+08 2.887922915669517517e+08 2.885594087353858948e+08 2.883431048266029358e+08 2.878192440029563904e+08 2.873738021014671326e+08 2.868008673736915588e+08 2.866095393515586853e+08 2.861369719301338196e+08 2.852865077085609436e+08 2.843422647782936096e+08 2.834038324263801575e+08 2.824760789123497009e+08
5.262163548019714355e+08 5.262147470164489746e+08 5.261840874914855957e+08 5.259745511177062988e+08 5.257140094764099121e+08 5.255583547526245117e+08 5.251311070812683105e+08 5.247412655371246338e+08 5.244951461805267334e+08 5.240001520057373047e+08 5.235373618660888672e+08 5.224289340321502686e+08 5.214953095851440430e+08 5.202895700533294678e+08 5.198770570932922363e+08 5.188865961358947754e+08 5.170984293596496582e+08 5.151270232836303711e+08 5.131581858979644775e+08 5.112201991184997559e+08
1.340440252155080088e+03 1.340438965420602472e+03 1.340375460512834252e+03 1.339917668387308368e+03 1.339360426060695318e+03 1.339031866175719188e+03 1.338113018886957434e+03 1.337263059825068922e+03 1.336723536113291630e+03 1.335645878938914393e+03 1.334644949622757849e+03 1.332220800099210464e+03 1.330159508444092353e+03 1.327508241775984061e+03 1.326622898713059840e+03 1.324436079266961315e+03 1.320500538914828212e+03 1.316131010465280269e+03 1.311788415989562054e+03 1.307495194815754076e+03
2.387638147195364581e+03 2.387630812864314066e+03 2.387491504447330954e+03 2.386539740686799632e+03 2.385356141393684084e+03 2.384648970176145667e+03 2.382708113884698832e+03 2.380937335245049326e+03 2.379819426964822924e+03 2.377570996959722834e+03 2.375468761463795090e+03 2.370434046095382655e+03 2.366193578298756620e+03 2.360717045978788519e+03 2.358843104559433414e+03 2.354344492079078918e+03 2.346222588493110379e+03 2.337268801714148140e+03 2.328326393003197154e+03 2.319524362471274799e+03
2.059257324444448948e+07 2.059252308329737186e+07 2.059169808313524723e+07 2.058533631835138798e+07 2.057784083984196186e+07 2.057358780261719227e+07 2.056099658985722065e+07 2.054913724778831005e+07 2.054164516043651104e+07 2.052679462998402119e+07 2.051308397961294651e+07 2.047906421450960636e+07 2.044951465941894054e+07 2.041219466482508183e+07 2.040016058760583401e+07 2.036904572921073437e+07 2.031336570926320553e+07 2.025139291966712475e+07 2.018940058750474453e+07 2.012790212066543102e+07
1.897012891412372589e+08 1.897008270506381989e+08 1.896932270490512848e+08 1.896346216980915070e+08 1.895655724393482208e+08 1.895263929438953400e+08 1.894104011613903046e+08 1.893011514606618881e+08 1.892321334406557083e+08 1.890953285479087830e+08 1.889690243693943024e+08 1.886556301551322937e+08 1.883834160596914291e+08 1.880396197307605743e+08 1.879287603483324051e+08 1.876421264893312454e+08 1.871291953718996048e+08 1.865582944967393875e+08 1.859872135929384232e+08 1.854206822359724045e+08
7.457964086481401920e+08 7.457964208597977161e+08 7.457658797185165882e+08 7.454983976140635014e+08 7.452005149128382206e+08 7.450391480794098377e+08 7.445240677633745670e+08 7.440393472026638985e+08 7.437233885795621872e+08 7.431021681587302685e+08 7.425313656525347233e+08 7.410926374648702145e+08 7.398339555932240486e+08 7.382678480614616871e+08 7.377764274101762772e+08 7.364756363975152969e+08 7.341061155297336578e+08 7.315103376988801956e+08 7.288929884971208572e+08 7.262943253846926689e+08
2.715900162865875244e+09 2.715900267394893646e+09 2.715789033268970490e+09 2.714812252191295624e+09 2.713725777520635605e+09 2.713137998844642639e+09 2.711258123520425797e+09 2.709488733211924553e+09 2.708334917879290581e+09 2.706066775502740860e+09 2.703982940743858337e+09 2.698728074312763214e+09 2.694129041927786827e+09 2.688409298927993774e+09 2.686615967448037148e+09 2.681865071595437050e+09 2.673208897843987465e+09 2.663728181497496605e+09 2.654166751449847221e+09 2.644673549084586143e+09
4.989843317593542452e+03 4.989839031845891441e+03 4.989647494555429148e+03 4.987939063036559673e+03 4.986048990557414072e+03 4.985028572753864864e+03 4.981751579299896548e+03 4.978679533881200769e+03 4.976655285608612758e+03 4.972663500155358633e+03 4.968990348250001261e+03 4.959734120345827250e+03 4.951629544728733890e+03 4.941552987911134551e+03 4.938398528976256785e+03 4.930045408479993057e+03 4.914728182425380510e+03 4.898041174661491823e+03 4.881247037492583331e+03 4.864567303835247003e+03
1.410215413231190178e+04 1.410214454076319817e+04 1.410161664497430320e+04 1.409680096285275067e+04 1.409152592790938797e+04 1.408869761098801973e+04 1.407953303956563468e+04 1.407095301626998116e+04 1.406523429965964169e+04 1.405394003637097194e+04 1.404354091929757851e+04 1.401733094386858284e+04 1.399434214829656412e+04 1.396578636561051826e+04 1.395689126440710970e+04 1.393327639207468019e+04 1.388969305986739346e+04 1.384249686661144369e+04 1.379505700904075638e+04 1.374788870207502623e+04
1.546266221644355683e+06 1.546266226960644824e+06 1.546203377490196144e+06 1.545647444429522147e+06 1.545030482287979452e+06 1.544697473614266841e+06 1.543628089138269192e+06 1.542621321283581899e+06 1.541964384631525492e+06 1.540673801868342096e+06 1.539488583244031994e+06 1.536495931560722413e+06 1.533875575247944565e+06 1.530619861107473960e+06 1.529600603198103374e+06 1.526895350469572237e+06 1.521965578451353824e+06 1.516565159599264851e+06 1.511117367428446887e+06 1.505709645349421771e+06
1.730187590357905719e+03 1.730184173355519306e+03 1.730113346952421125e+03 1.729618195956980344e+03 1.729005124934075866e+03 1.728642012358235661e+03 1.727637532455439214e+03 1.726704220194660593e+03 1.726120542603603099e+03 1.724954636085138191e+03 1.723870403987180907e+03 1.721242971051891800e+03 1.719005885844526347e+03 1.716128964724310208e+03 1.715164365995384287e+03 1.712775177975825500e+03 1.708524070514540654e+03 1.703774477412516717e+03 1.699054593792126980e+03 1.694380647517449688e+03
2.725116020808410645e+07 2.725141968079376221e+07 2.724981100038146973e+07 2.724235565607070923e+07 2.723146448793029785e+07 2.722390912389755249e+07 2.720849007027435303e+07 2.719493831015163660e+07 2.718638044651788473e+07 2.716817508723366261e+07 2.715056019829320908e+07 2.711412735073459148e+07 2.708659431894212961e+07 2.704521517153763771e+07 2.702884309914916754e+07 2.699696264418166876e+07 2.693872268489283323e+07 2.687785960461634398e+07 2.682001443115442991e+07 2.676056169363075495e+07
2.466980969069786072e+08 2.467005427598228455e+08 2.466899557911720276e+08 2.466225090427322388e+08 2.465365147782936096e+08 2.464834041882820129e+08 2.463493689880332947e+08 2.462272458527240753e+08 2.461476570377063751e+08 2.459868902075805664e+08 2.458359644512290955e+08 2.454891959962272644e+08 2.452005744473438263e+08 2.448164519604949951e+08 2.446826074980258942e+08 2.443732665034847260e+08 2.438100084868106842e+08 2.431925297421588898e+08 2.425913383642978668e+08 2.419910024361553192e+08
1.064296346929702908e+06 1.064249123710248619e+06 1.064224679054830223e+06 1.064088241484735161e+06 1.063881695429895073e+06 1.063743693846557289e+06 1.063309783095989376e+06 1.062933681625742465e+06 1.062775733902383596e+06 1.062430190474692732e+06 1.062094335485193878e+06 1.061160272086981684e+06 1.060434971781481057e+06 1.059523308591250330e+06 1.059128974409241229e+06 1.058231048246819526e+06 1.056832471113342792e+06 1.055082081856388599e+06 1.053165567017752677e+06 1.051374778403092176e+06
4.586828560688138008e+06 4.586912373108148575e+06 4.586662827168345451e+06 4.585082070449113846e+06 4.583074942387819290e+06 4.581833657768726349e+06 4.578791648062586784e+06 4.575975580159023404e+06 4.574109629211112857e+06 4.570338587494999170e+06 4.566798528660297394e+06 4.558753903269022703e+06 4.552116025989606977e+06 4.543122576355993748e+06 4.540002562266871333e+06 4.532824113277956843e+06 4.519656905532822013e+06 4.505676073801025748e+06 4.492056094017490745e+06 4.478250198909476399e+06
2.118864055881714821e+07 2.118867920768284798e+07 2.118775642285561562e+07 2.118124555281043053e+07 2.117329588105034828e+07 2.116863005569672585e+07 2.115575866936707497e+07 2.114365255085724592e+07 2.113598846586161852e+07 2.112068665187227726e+07 2.110648182346844673e+07 2.107216188733041286e+07 2.104272665744608641e+07 2.100477195619583130e+07 2.099222269424420595e+07 2.096086610006648302e+07 2.090474261543899775e+07 2.084263803564363718e+07 2.078107660022264719e+07 2.071970136285680532e+07
3.901958401347534180e+09 3.902020106476928711e+09 3.901851669797851562e+09 3.900649269451171875e+09 3.899205613204345703e+09 3.898355219114746094e+09 3.896104984498413086e+09 3.893981344303070068e+09 3.892558479793487549e+09 3.889717799563781738e+09 3.887079380522094727e+09 3.880885935324279785e+09 3.875629077249481201e+09 3.868705420417480469e+09 3.866418046605255127e+09 3.860838047643951416e+09 3.850575721276153564e+09 3.839611320286773682e+09 3.828868011207916260e+09 3.818001374294158936e+09
8.521000130610191263e+02 8.521247681678651134e+02 8.520838723407068755e+02 8.518115879188408144e+02 8.514782651673449436e+02 8.512756431074085413e+02 8.507821911693608854e+02 8.503197791325655999e+02 8.499970989276189357e+02 8.493479363511141855e+02 8.487408067482901970e+02 8.473771288993448252e+02 8.462434807326208102e+02 8.446992150082514854e+02 8.441759563956729835e+02 8.429654287294397363e+02 8.406910055462649325e+02 8.383336876315152040e+02 8.360610448859806638e+02 8.337290604510926642e+02
1.943926251403667038e-01 1.944014532405802242e-01 1.943935301403740823e-01 1.943376918381503060e-01 1.942733679360273413e-01 1.942356673347305218e-01 1.941476981305569893e-01 1.940593044275908952e-01 1.939930411250818665e-01 1.938607693196860993e-01 1.937383278147670751e-01 1.934684446035088712e-01 1.932370306953687944e-01 1.929160745838274238e-01 1.928146211796457621e-01 1.925692986714393484e-01 1.920970974524207620e-01 1.916264423356777158e-01 1.911842061188862019e-01 1.907141294013721122e-01
7.993028676102112513e+02 7.993072327357367612e+02 7.992714776579232421e+02 7.990299509853939526e+02 7.987301055923744570e+02 7.985504185153986327e+02 7.980753915818640962e+02 7.976306087845514412e+02 7.973462959587268415e+02 7.967758331203367561e+02 7.962445016264682636e+02 7.949854484195529949e+02 7.939180249547716812e+02 7.925192189493100159e+02 7.920489671775649185e+02 7.909041537559023709e+02 7.888445633760202327e+02 7.865852813590245205e+02 7.843603418245547800e+02 7.821320200957488851e+02
6.993816879115456686e+00 6.994071560215161298e+00 6.993776731321077023e+00 6.991650084551793043e+00 6.989172065582579307e+00 6.987715087403103098e+00 6.984117051438033741e+00 6.980637441455598946e+00 6.978109476083830032e+00 6.973066948555128874e+00 6.968387814521520340e+00 6.957840973843417487e+00 6.948917636425846922e+00 6.936776407983188619e+00 6.932842058841799826e+00 6.923410589827255990e+00 6.905431535556147082e+00 6.887144380124084364e+00 6.869640996552618617e+00 6.851431944553894482e+00
4.447959409672766924e+02 4.448043185766873648e+02 4.447853060920606367e+02 4.446507000870624324e+02 4.444894734994886676e+02 4.443942271735431859e+02 4.441461743068794021e+02 4.439111602932280221e+02 4.437519573487625166e+02 4.434338102899710066e+02 4.431381922639848199e+02 4.424501281039483729e+02 4.418664437074221496e+02 4.410917799386952538e+02 4.408365628785650188e+02 4.402165139908720448e+02 4.390704752418641874e+02 4.378545606586521899e+02 4.366691117450936872e+02 4.354638074699505523e+02
2.090322605747278430e+02 2.090429428661445854e+02 2.090341394224160467e+02 2.089704375482178875e+02 2.088976019589317730e+02 2.088547561801315169e+02 2.087547462093352806e+02 2.086563598602479033e+02 2.085803848702089454e+02 2.084288150337815750e+02 2.082881940883744392e+02 2.079807940963801229e+02 2.077218240574256924e+02 2.073608999535354087e+02 2.072450573801870632e+02 2.069722310650577128e+02 2.064376910478931677e+02 2.059145673631683167e+02 2.054225376982176385e+02 2.048993810310166737e+02
1.657485325419536082e+00 1.657462662219408855e+00 1.657404955319911721e+00 1.656984798429498085e+00 1.656466284736488603e+00 1.656165042638853890e+00 1.655273331252935520e+00 1.654446264166601566e+00 1.653952459376675677e+00 1.652969882796178069e+00 1.652059810614495916e+00 1.649767555761677329e+00 1.647788780406635567e+00 1.645315694658840755e+00 1.644494741671501004e+00 1.642386217511834445e+00 1.638717796295672713e+00 1.634489521280151791e+00 1.630230307967899250e+00 1.626071781257955706e+00
8.873867183730368424e-01 8.873791176732623853e-01 8.873448793728897499e-01 8.871115047746656046e-01 8.868190264740434259e-01 8.866459653718408163e-01 8.861616977755630842e-01 8.857077720774526597e-01 8.854343883794371095e-01 8.848872516833097279e-01 8.843789916864324141e-01 8.831286690999178290e-01 8.820511823162320297e-01 8.806771121282253034e-01 8.802192335300986770e-01 8.790617585406295120e-01 8.770415223659853154e-01 8.747357171917400365e-01 8.724374449225393846e-01 8.701708579491338469e-01
3.024004890126548162e-01 3.024028801125808741e-01 3.023893578129417392e-01 3.023045423142747268e-01 3.021968681164395321e-01 3.021312188177915914e-01 3.019663544205570815e-01 3.018098211230118011e-01 3.017105542245310801e-01 3.015100983276894908e-01 3.013228120309321412e-01 3.008871457377537695e-01 3.005166939430630180e-01 3.000225086502581462e-01 2.998561202533700509e-01 2.994542837591076534e-01 2.987356102694356252e-01 2.979469825800329374e-01 2.971791051904695280e-01 2.964033571006403633e-01
